Name flanking? redshift 1090 1030 3050 5060 6070 7080 8090
A1736C no 0.2323 0.974 0.965 0.925 1.067 1.006
A2219C no 0.2257 0.968 0.952 1.010 1.013 0.916
A2390C no 0.228 0.947 0.875 0.975 0.963 0.962
A2390NW yes 0.228 0.975 0.948 0.942 0.986 0.994
A2390SE yes 0.228 0.978 0.939 0.912 0.979 0.974
A2465C no 0.245 0.972 0.943 0.953 0.981 0.973
A2465NE yes 0.245 0.955 1.557 0.959 0.825 1.878
A2465SW yes 0.245 0.991 1.081 0.913 0.962 0.994
RXJ2129 no 0.2336 0.948 0.888 0.949 0.987 0.959
ZWCL0823 no 0.2261 0.984 1.069 0.997 0.992 0.978
