Name flanking? redshift 1090 1030 3050 5060 6070 7080 8090
A1736C no  0.2323 1.027 1.036 1.081 0.979 0.927 0.992 0.996
A2219C no  0.2257 1.034 1.050 0.990 0.967 1.068 1.046 1.136
A2390C no  0.228 1.056 1.142 1.025 1.046 0.984 1.104 0.996
A2390NW yes 0.228 1.025 1.055 1.062 1.044 1.010 1.080 0.995
A2390SE yes 0.228 1.022 1.065 1.096 0.959 1.028 1.037 1.047
A2465C no  0.245 1.029 1.060 1.049 1.035 1.009 1.061 0.894
A2465NE yes 0.245 1.047 0.642 1.042 1.004 5.058 nan 1.292
A2465SW yes 0.245 1.009 0.925 1.095 1.041 1.045 0.920 1.105
RXJ2129 no  0.2336 1.055 1.126 1.054 0.939 1.179 1.085 0.921
ZWCL0823 no  0.2261 1.016 0.935 1.003 1.002 0.996 1.077 0.984