NUMBER xcentroid ycentroid ellipticity orientation equivalent_radius flag med_flux
4 1118.4 31.86 0.34 -21.94 7.67 1 0 0.232 1.5852618019283546e-14
6 617.73 30.98 0.41 3.25 2.03 2 0 0.231 1.5513015617433222e-15
36 1608.02 91.25 0.37 63.27 1.6 1 0 0.244 -1.0055589749812053e-15
42 1427.18 103.33 0.46 13.93 3.19 1 0 0.242 1.9603650063123538e-15
44 834.36 105.66 0.64 -48.65 1.6 1 0 0.249 8.136389909461548e-16
45 609.92 110.18 0.32 43.92 1.95 2 0 0.249 -2.2040120218868036e-16
52 477.82 121.49 0.19 11.16 4.18 1 0 0.244 6.4905204014099535e-15
62 903.55 145.77 0.14 -49.54 3.57 1 0 0.233 1.1162549580007912e-15
66 1887.14 154.44 0.35 -15.42 3.7 1 0 0.231 4.8009996856963194e-15
80 158.26 183.4 0.63 70.19 1.6 1 0 0.244 -5.915025888254648e-16
86 373.29 201.46 0.21 -4.7 4.51 1 0 0.234 4.7262524162329164e-15
95 1077.83 232.74 0.13 35.09 1.87 1 0 0.253 1.254057371761054e-15
102 1490.43 263.82 0.09 -40.19 3.24 1 0 0.244 3.207191575440053e-15
137 1024.78 338.77 0.45 39.42 2.46 2 0 0.243 1.5563658658558372e-15
152 1704.65 378.96 0.6 90.0 1.6 2 0 0.249 -4.3189116778599224e-16
165 583.02 412.17 0.2 -37.46 5.35 1 0 0.235 3.838690636518392e-15
168 223.07 424.11 0.32 26.51 2.33 1 0 0.229 7.61810381627534e-17
171 1036.1 446.02 0.31 -63.98 4.07 1 0 0.235 3.3446315649780095e-15
184 1597.61 466.11 0.22 9.15 1.6 1 0 0.250 3.2737288721830754e-16
191 161.13 474.44 0.49 62.75 1.69 2 0 0.251 3.872914155719255e-16
195 1370.86 484.72 0.02 30.96 4.51 1 0 0.228 5.1880132744615455e-15
224 1478.36 554.67 0.14 15.65 4.58 1 0 0.244 6.131519039243374e-15
260 41.01 631.94 0.54 29.15 1.87 2 0 0.241 8.437138486504844e-16
277 306.62 657.05 0.46 -14.15 2.65 2 0 0.244 1.6669970508549582e-15
295 1785.17 690.18 0.07 46.32 7.36 1 0 0.227 1.2233402936761163e-14
336 730.86 768.42 0.18 -51.22 1.87 2 0 0.247 4.483277627181231e-16
343 108.06 779.54 0.27 56.2 3.14 1 0 0.236 5.1263979802959e-16
351 314.24 790.42 0.41 -69.56 1.6 2 0 0.252 -1.8441521918281822e-16
352 748.59 792.7 0.06 -6.27 4.03 2 0 0.252 9.056891318187134e-15
358 675.26 806.74 0.53 55.58 6.31 1 0 0.234 7.0364293242670874e-15
391 898.86 847.24 0.11 -45.69 2.52 1 0 0.236 1.0990465307652545e-15
393 1785.56 849.73 0.33 15.59 2.71 1 0 0.251 1.5550611174797104e-15
402 1859.41 867.91 0.1 49.29 3.95 2 0 0.249 1.6612557556593501e-15
411 138.15 885.25 0.13 -15.8 5.53 1 0 0.234 2.85496901795035e-15
412 497.55 881.52 0.3 -8.08 3.29 2 0 0.249 1.8957605328758474e-15
413 344.21 883.98 0.12 37.06 3.39 1 0 0.228 1.0466616722631938e-15
416 729.68 893.41 0.3 35.36 8.41 1 0 0.237 7.189154870371195e-15
436 1833.84 915.69 0.43 -50.3 3.74 1 0 0.249 2.457226062842254e-15
485 380.63 989.29 0.52 -82.75 6.33 1 0 0.228 5.567473870436105e-15
518 1712.52 1039.08 0.26 -35.86 2.65 1 0 0.253 5.160564774759076e-17
522 933.64 1049.6 0.1 18.51 3.48 2 0 0.253 5.084875154672073e-15
529 1667.53 1058.91 0.21 -11.83 2.33 1 0 0.241 1.913220634775837e-15
531 1714.02 1066.27 0.13 3.04 5.64 1 0 0.230 1.0181026011937995e-14
532 50.07 1073.26 0.1 -84.58 8.56 1 0 0.237 3.812964975360858e-15
558 623.94 1110.25 0.1 -6.95 4.58 1 0 0.230 4.374956089271036e-15
572 1961.52 1124.99 0.58 -27.45 1.6 1 0 0.245 -4.1480230454491633e-16
608 1945.92 1177.17 0.42 82.38 2.11 2 0 0.258 2.6251353627401643e-16
613 1964.46 1190.93 0.17 -23.36 3.34 2 0 0.234 4.717132836006303e-16
619 633.88 1195.98 0.04 -67.16 4.65 1 0 0.227 3.1308580250246796e-15
628 91.0 1208.87 0.13 47.89 3.48 1 0 0.243 1.4624591346420156e-15
630 125.24 1207.6 0.48 4.13 1.78 2 0 0.245 2.079217704855762e-15
632 628.93 1213.97 0.15 -3.37 4.82 1 0 0.226 7.744927068382632e-15
633 861.17 1212.7 0.41 79.08 2.46 1 0 0.253 -7.211546398090099e-16
634 944.19 1213.15 0.45 -58.77 3.66 1 0 0.238 7.416675543300225e-15
674 755.06 1265.45 0.37 -30.91 2.26 1 0 0.230 7.599146557171299e-16
703 1340.0 1300.78 0.31 2.85 7.42 1 0 0.231 1.28993690390127e-14
713 1051.02 1318.88 0.51 24.34 4.69 1 0 0.231 6.19517060061422e-15
718 1151.29 1321.59 0.53 15.51 2.59 2 0 0.252 3.571447188857569e-16
724 462.01 1329.9 0.53 -75.5 1.69 1 0 0.226 4.024972186921367e-16
735 1061.06 1344.52 0.23 -21.5 3.39 1 0 0.242 6.354949390070114e-15
755 391.63 1378.54 0.19 9.56 2.76 2 0 0.231 1.8637854626334712e-15
761 1105.86 1396.05 0.27 5.08 3.09 1 0 0.241 -5.461285161487096e-16
762 408.66 1399.19 0.16 -55.25 2.71 1 0 0.245 2.4368748257350484e-15
763 799.83 1402.62 0.51 -30.28 4.95 1 0 0.239 3.5507674088459474e-15
768 1572.24 1414.3 0.1 -5.61 5.2 1 0 0.229 1.2971991102811442e-14
776 325.01 1425.01 0.06 -35.41 1.69 1 0 0.245 1.6066834345710053e-15
822 219.2 1500.84 0.3 61.87 2.03 1 0 0.235 -1.1178744849959414e-15
835 1458.39 1533.06 0.28 40.91 9.37 1 0 0.230 1.695676781767689e-14
854 1166.95 1555.25 0.36 26.89 2.26 1 0 0.238 1.966149817825627e-15
858 1750.21 1560.71 0.3 27.11 5.73 1 0 0.228 3.984715304976771e-15
917 1964.28 1645.42 0.47 18.32 3.78 1 0 0.241 3.3679594876201034e-15
973 1358.35 1752.91 0.2 79.34 3.78 1 0 0.230 2.2259695510993584e-15
987 1381.96 1773.66 0.44 -31.01 3.09 1 0 0.230 4.933911860614728e-16
998 1991.49 1791.45 0.54 -89.9 1.6 1 0 0.254 -1.0275129043037343e-16
1010 134.58 1819.09 0.39 -28.96 2.65 1 0 0.251 3.2563249920949597e-15
1012 545.72 1822.52 0.24 -20.29 5.38 1 0 0.231 8.492479384113703e-15
1014 1668.24 1822.04 0.41 20.04 1.95 1 0 0.235 -3.0677593114705954e-16
1030 630.01 1867.43 0.11 48.01 3.34 1 0 0.232 1.0821974572575903e-15
1037 384.01 1886.6 0.33 4.48 5.78 1 0 0.230 3.5068341392124718e-15
1070 535.71 1940.54 0.06 -58.31 3.04 1 0 0.235 2.482911913451267e-16
1076 190.52 1955.99 0.6 -25.18 1.6 1 0 0.245 1.3610324449224703e-15
1095 1115.71 1998.42 0.27 -15.0 3.91 1 0 0.245 3.4745651485373983e-15
1154 1361.21 50.08 0.29 8.27 7.96 1 0 0.233 6.740620008097468e-15
1160 549.11 86.29 0.11 5.44 4.3 1 0 0.238 1.3119755788701718e-15
1161 552.25 93.65 0.47 4.36 9.79 1 0 0.238 6.333426282880382e-15
1176 1140.19 732.07 0.23 26.68 1.78 1 0 0.253 2.734636341089852e-16
1179 1331.29 743.1 0.14 -6.1 5.35 1 0 0.245 8.217037822193761e-15
1182 419.89 905.69 0.16 23.19 8.21 1 0 0.240 1.4172925426856903e-14
1235 525.64 1673.93 0.29 11.14 5.23 2 0 0.236 1.216851449552909e-15
1237 1464.37 1681.35 0.25 40.56 5.97 1 0 0.228 1.1378014856515146e-14
1238 1466.67 1690.36 0.34 54.01 2.33 1 0 0.226 2.425862973904269e-15
