NUMBER xcentroid ycentroid ellipticity orientation equivalent_radius
1 97.86 7.84 0.20 -47.70 1.60
2 502.41 13.60 0.30 57.60 3.87
3 444.37 20.21 0.39 60.83 6.48
4 999.17 14.62 0.17 -82.94 3.29
5 1058.07 17.93 0.16 -35.22 4.26
6 233.50 18.67 0.26 -14.99 3.66
7 168.02 19.81 0.70 -70.90 1.60
8 1358.59 20.94 0.60 -70.17 1.87
9 149.44 19.84 0.30 10.85 1.60
10 840.30 27.62 0.10 -83.90 4.37
11 961.48 32.11 0.22 83.96 4.33
12 884.81 30.98 0.68 59.91 1.78
13 351.34 33.71 0.08 48.73 4.15
14 1204.25 33.96 0.13 -66.41 2.11
15 1358.77 36.08 0.60 -72.09 2.39
16 1572.54 36.56 0.09 52.33 3.19
17 1426.82 35.93 0.46 -78.20 1.60
18 1465.75 39.09 0.18 -2.08 5.20
19 1367.58 37.25 0.53 83.98 1.78
20 1628.74 38.91 0.71 -68.83 1.60
21 1122.34 56.25 0.36 85.88 10.98
22 1449.22 44.43 0.26 -89.56 4.26
23 1664.01 45.67 0.18 -44.02 3.57
24 1895.17 48.77 0.22 -70.87 5.94
25 1358.96 47.81 0.67 -88.39 2.26
26 1871.13 50.22 0.17 -59.78 7.86
27 1603.85 49.52 0.19 -87.80 3.43
28 1649.77 51.64 0.01 -80.23 3.14
29 787.44 58.03 0.21 71.75 4.82
30 1359.24 64.18 0.74 -83.58 3.87
31 80.33 57.03 0.44 0.53 1.95
32 1590.12 75.85 0.53 -73.48 12.45
33 1005.60 58.84 0.28 15.66 1.87
34 499.25 63.22 0.18 -27.52 2.71
35 629.52 61.74 0.40 64.06 2.19
36 1536.27 73.64 0.15 -60.36 8.88
37 1256.49 68.56 0.26 -75.34 1.78
38 1248.84 70.17 0.58 21.12 1.95
39 1265.46 75.79 0.12 -78.92 6.53
40 1510.73 75.92 0.18 -73.73 4.75
41 1952.83 79.46 0.10 -75.42 4.48
42 1331.84 78.20 0.07 52.00 3.57
43 561.59 79.59 0.21 61.53 4.79
44 1359.47 79.38 0.76 80.86 2.33
45 1423.49 84.08 0.12 -67.86 8.96
46 1624.45 79.95 0.21 -79.64 5.38
47 1976.36 77.01 0.33 -13.62 1.60
48 100.68 79.14 0.47 47.09 2.33
49 1451.92 83.47 0.19 -83.02 5.32
50 397.35 87.27 0.27 49.00 5.92
51 1072.36 82.91 0.17 -24.66 2.76
52 1357.46 83.82 0.63 -84.83 1.69
53 913.33 87.26 0.51 62.60 2.99
54 1358.75 93.01 0.82 -89.96 2.76
55 168.61 98.37 0.31 68.58 3.34
56 871.14 99.62 0.48 57.61 1.60
57 893.11 107.63 0.13 82.42 4.75
58 1850.58 104.56 0.41 42.83 1.95
59 154.85 108.69 0.12 -8.49 2.46
60 692.71 110.71 0.33 72.14 4.48
61 1365.08 109.98 0.54 -84.76 1.95
62 1920.79 108.91 0.38 61.35 1.69
63 1847.73 112.37 0.43 -47.15 3.19
64 1226.35 114.11 0.32 -67.56 2.39
65 1742.58 119.59 0.32 -51.69 4.41
66 1572.56 126.47 0.14 -65.19 8.27
67 1919.40 121.62 0.29 -52.81 2.93
68 929.85 123.27 0.25 -35.03 3.14
69 1365.41 122.34 0.71 -65.05 1.95
70 1312.34 134.24 0.16 -85.25 4.58
71 1034.23 137.85 0.35 79.63 2.52
72 1364.60 137.39 0.23 -54.85 2.26
73 1540.14 137.98 0.20 -56.47 2.76
74 736.90 141.27 0.72 28.92 2.11
75 1942.91 140.99 0.52 -32.07 1.69
76 1258.43 143.23 0.28 71.01 2.11
77 135.90 149.01 0.30 38.61 6.58
78 1285.11 144.97 0.31 -74.61 1.87
79 1938.98 145.30 0.44 76.56 1.60
80 1363.69 147.76 0.70 -77.74 1.87
81 1313.76 149.25 0.31 -70.88 2.03
82 741.93 150.84 0.27 -67.38 3.19
83 868.00 153.37 0.39 76.07 3.34
84 1189.24 155.10 0.43 63.63 4.69
85 1326.62 151.16 0.53 -53.13 1.60
86 1299.00 160.04 0.12 -34.26 5.73
87 296.16 162.58 0.26 36.29 5.20
88 1352.22 164.71 0.43 70.95 2.39
89 1192.88 168.25 0.21 36.54 3.61
90 844.22 169.29 0.26 61.62 2.76
91 823.08 169.13 0.43 6.53 2.03
92 1229.74 178.34 0.09 87.31 5.08
93 1364.97 174.75 0.41 -20.93 2.03
94 344.44 180.24 0.30 39.08 5.67
95 278.99 184.12 0.41 -50.28 6.75
96 1214.53 181.02 0.22 -30.90 3.04
97 443.89 189.09 0.27 40.13 7.55
98 1387.69 184.42 0.22 7.29 2.11
99 1363.52 186.52 0.58 77.15 1.69
100 199.18 188.41 0.58 -81.15 2.03
101 1598.23 193.42 0.19 89.90 4.03
102 1791.90 195.56 0.64 -36.93 2.46
103 1251.07 201.38 0.10 -67.89 5.11
104 1550.35 199.22 0.26 -45.83 2.88
105 923.61 200.33 0.37 60.18 2.11
106 1331.19 200.45 0.22 89.30 1.78
107 430.35 205.28 0.20 20.91 4.33
108 283.25 209.20 0.28 44.21 5.84
109 607.18 212.04 0.16 -51.23 7.80
110 1061.04 213.07 0.15 -86.39 5.67
111 1820.72 209.96 0.30 -49.95 3.57
112 1755.83 212.91 0.22 -57.78 6.02
113 1208.59 218.05 0.03 -64.91 9.76
114 1863.35 219.29 0.19 -53.08 6.79
115 967.70 214.94 0.37 -52.86 2.11
116 457.79 218.16 0.14 56.45 3.95
117 1989.61 222.20 0.30 -83.09 7.33
118 285.80 239.05 0.21 38.68 20.94
119 1684.49 227.21 0.17 -56.29 8.21
120 178.55 225.79 0.34 -41.56 1.87
121 793.80 226.93 0.09 64.26 2.93
122 1491.58 227.07 0.50 27.20 3.70
123 919.93 238.64 0.05 -83.90 10.75
124 65.06 229.91 0.24 66.04 2.88
125 702.54 229.66 0.15 -17.04 1.87
126 984.24 236.20 0.07 -80.33 6.43
127 183.88 235.04 0.29 33.51 6.15
128 632.09 239.88 0.11 68.33 10.42
129 1153.80 231.51 0.39 -82.07 1.60
130 828.36 235.93 0.09 70.02 5.20
131 686.29 236.86 0.33 -81.91 3.19
132 1602.57 233.94 0.37 -2.65 2.11
133 1125.64 244.22 0.06 -78.76 8.14
134 731.36 238.16 0.64 -74.48 1.60
135 1759.62 238.67 0.67 8.13 1.60
136 687.17 249.76 0.37 -68.36 5.05
137 1549.91 246.85 0.19 -59.03 4.22
138 519.52 248.04 0.27 22.76 2.26
139 1451.99 251.06 0.27 -52.85 3.39
140 1156.77 254.66 0.67 50.32 3.91
141 2028.81 253.19 0.16 77.74 2.82
142 734.58 255.21 0.07 51.94 4.82
143 1776.51 259.97 0.29 -42.60 2.93
144 1872.15 262.29 0.25 30.98 1.95
145 504.84 262.90 0.18 -45.45 1.60
146 162.17 268.15 0.27 30.20 6.68
147 339.87 271.85 0.21 42.93 6.31
148 1091.04 271.77 0.40 -33.70 7.00
149 576.81 284.08 0.09 52.29 14.16
150 781.54 270.45 0.38 -24.20 1.69
151 1968.03 280.94 0.15 -42.09 9.47
152 226.65 282.27 0.26 36.41 9.29
153 1243.31 277.83 0.36 -55.59 2.46
154 1389.13 279.75 0.15 -15.29 3.57
155 2034.82 277.17 0.59 -21.46 1.69
156 2000.14 279.31 0.29 43.74 2.59
157 1796.60 289.75 0.17 4.32 9.29
158 1647.75 286.33 0.27 67.67 3.43
159 1148.39 289.54 0.24 1.98 5.05
160 1428.51 287.56 0.08 -67.21 4.18
161 544.45 287.88 0.43 15.01 2.33
162 1457.68 287.05 0.28 35.37 1.60
163 112.16 290.34 0.51 35.25 2.71
164 176.61 293.73 0.23 51.11 4.15
165 375.53 292.06 0.38 31.80 2.03
166 1722.84 294.85 0.12 20.21 2.93
167 841.29 300.14 0.08 82.28 6.65
168 451.24 296.79 0.48 36.56 2.26
169 1141.91 302.29 0.05 23.06 6.08
170 190.85 298.92 0.21 -44.50 1.60
171 963.49 302.03 0.27 -18.31 2.65
172 692.43 306.28 0.37 89.37 3.14
173 912.13 308.75 0.14 -63.61 4.51
174 1282.34 307.33 0.15 39.30 2.03
175 1445.91 310.51 0.30 -35.07 4.22
176 1420.98 311.55 0.19 -69.13 3.83
177 1591.16 314.54 0.13 -76.38 5.70
178 1091.70 310.95 0.20 -45.16 2.33
179 1142.70 312.07 0.15 79.04 2.82
180 1105.28 323.56 0.09 14.78 6.84
181 1457.45 321.69 0.22 -33.64 3.66
182 149.01 322.43 0.23 -12.63 3.24
183 1366.38 326.06 0.58 89.87 2.26
184 2025.34 331.11 0.29 -54.67 4.51
185 1244.90 331.94 0.17 -76.03 4.58
186 715.55 334.46 0.15 -20.92 5.75
187 1823.30 331.97 0.46 -14.95 1.60
188 78.08 337.81 0.31 32.72 4.58
189 838.12 335.14 0.52 -37.23 1.95
190 409.34 338.20 0.41 29.58 3.09
191 468.54 338.27 0.24 10.21 3.48
192 1760.33 336.80 0.38 4.97 2.52
193 1665.62 339.17 0.08 -33.94 2.88
194 1896.06 341.08 0.11 -49.53 4.75
195 1525.77 347.75 0.20 0.01 10.54
196 864.27 346.03 0.09 -81.38 5.86
197 431.77 343.57 0.26 -44.94 3.87
198 1826.03 344.80 0.30 19.38 5.41
199 458.76 347.50 0.43 23.63 2.99
200 1147.56 347.07 0.25 40.73 2.82
201 2017.44 346.17 0.54 -31.22 2.03
202 608.84 351.39 0.11 65.52 5.44
203 1246.22 350.60 0.11 -79.87 5.11
204 1809.92 348.94 0.27 -55.13 3.04
205 43.52 352.23 0.49 31.38 5.44
206 667.52 350.25 0.32 82.68 2.03
207 1462.24 352.15 0.14 -62.53 3.24
208 1849.85 351.68 0.16 -47.37 2.03
209 1907.64 353.12 0.47 49.31 2.33
210 258.42 357.24 0.31 35.11 5.56
211 497.88 354.89 0.21 -42.13 1.60
212 950.97 366.58 0.06 -76.49 9.92
213 1569.56 359.77 0.22 32.98 1.95
214 1939.00 365.12 0.28 -81.44 4.65
215 1905.49 362.19 0.33 88.83 2.82
216 108.84 361.87 0.20 -45.20 1.60
217 1172.24 371.93 0.06 -77.66 8.59
218 1698.22 365.75 0.19 -54.97 4.65
219 250.22 368.57 0.30 38.57 6.96
220 397.46 363.93 0.29 3.43 1.69
221 751.12 371.35 0.12 67.88 5.59
222 703.36 369.09 0.23 38.07 2.99
223 1622.64 372.31 0.46 -72.73 4.11
224 1221.24 373.27 0.10 -78.99 4.51
225 1736.54 374.94 0.14 -64.80 3.14
226 1509.51 378.37 0.36 -78.77 4.98
227 1020.42 376.13 0.24 -75.55 2.33
228 1139.78 380.02 0.23 -59.75 4.15
229 408.86 382.72 0.16 38.71 2.65
230 1316.29 384.29 0.15 -79.48 3.48
231 40.73 385.73 0.15 -25.96 2.46
232 1596.10 384.28 0.56 15.64 1.87
233 770.61 391.61 0.08 -10.72 6.89
234 1925.00 388.48 0.15 -55.53 4.48
235 1689.69 393.16 0.29 -43.02 6.84
236 1795.54 390.72 0.31 -44.03 2.93
237 1679.53 390.14 0.25 -33.86 1.60
238 1344.18 393.43 0.07 85.60 4.03
239 1215.08 394.24 0.09 -85.78 3.66
240 751.20 399.53 0.06 -87.03 7.27
241 1494.61 395.92 0.46 -45.82 3.19
242 520.25 396.03 0.05 34.83 3.66
243 1949.23 396.47 0.30 51.13 2.19
244 141.60 399.37 0.57 56.98 2.52
245 185.59 398.35 0.41 79.43 1.78
246 407.28 398.84 0.40 64.99 2.93
247 1196.16 399.00 0.43 17.05 3.34
248 236.42 402.31 0.62 40.86 1.69
249 1314.70 405.60 0.23 -68.38 4.48
250 1929.77 402.60 0.16 -32.97 1.95
251 1465.66 404.62 0.22 13.41 2.33
252 1893.28 417.10 0.09 -50.38 9.04
253 1464.73 417.13 0.23 -45.02 3.78
254 156.42 418.60 0.16 21.25 2.19
255 905.99 422.55 0.26 -63.77 2.46
256 1163.38 426.34 0.20 76.48 2.52
257 1275.25 429.59 0.08 76.84 3.78
258 1423.66 427.20 0.11 15.78 3.14
259 1967.50 428.38 0.15 -67.61 2.39
260 1246.82 433.94 0.12 -86.29 6.00
261 961.74 437.41 0.46 33.46 2.46
262 1781.16 437.56 0.52 -83.21 2.26
263 1016.55 440.96 0.53 -67.31 3.74
264 1484.79 444.78 0.06 -74.51 5.11
265 349.81 445.71 0.12 51.58 2.46
266 1499.81 446.50 0.24 -83.57 2.76
267 133.42 446.59 0.39 23.34 3.43
268 853.67 446.21 0.66 56.69 1.69
269 85.77 449.20 0.59 52.67 2.26
270 1309.14 448.80 0.21 78.70 1.60
271 708.99 454.74 0.18 -52.75 2.82
272 1157.57 453.36 0.32 5.83 2.39
273 1065.35 455.93 0.28 57.73 3.48
274 129.59 466.98 0.30 24.24 12.24
275 1847.15 458.98 0.12 -32.61 4.33
276 54.00 460.44 0.36 33.79 3.61
277 659.71 460.58 0.17 -55.13 3.52
278 941.35 459.93 0.34 -34.92 2.82
279 1359.12 458.68 0.49 38.25 1.69
280 334.52 465.20 0.27 -75.72 1.87
281 1204.04 467.79 0.20 -84.83 3.09
282 476.18 473.20 0.14 43.85 5.64
283 1767.85 473.93 0.15 -28.85 5.14
284 749.04 474.78 0.20 78.24 3.99
285 257.34 475.25 0.27 -6.30 3.48
286 387.53 476.73 0.12 64.64 4.72
287 1099.04 475.20 0.02 37.20 2.71
288 161.26 485.62 0.28 30.65 9.51
289 1319.88 479.34 0.06 -66.12 5.11
290 37.36 481.53 0.40 25.78 5.05
291 445.62 480.33 0.18 58.19 4.22
292 1145.53 478.39 0.20 -65.12 2.99
293 1532.76 482.66 0.29 -15.14 5.97
294 781.11 481.92 0.33 -80.48 3.14
295 1349.34 479.16 0.18 57.00 1.78
296 2010.90 482.91 0.25 -39.53 3.99
297 63.18 483.43 0.60 63.07 2.11
298 625.31 485.51 0.30 -20.18 2.39
299 1349.53 486.16 0.57 -86.68 2.03
300 147.23 489.75 0.35 41.02 5.08
301 1703.29 485.94 0.37 -75.57 1.69
302 726.11 487.30 0.25 40.67 2.82
303 605.34 489.05 0.25 -22.75 1.95
304 2030.71 490.40 0.51 8.67 1.78
305 913.70 490.94 0.37 22.17 1.60
306 1329.89 498.28 0.18 19.98 3.43
307 799.81 504.73 0.38 89.46 6.98
308 1199.44 502.59 0.06 88.21 5.94
309 58.25 501.75 0.30 19.52 5.26
310 1017.56 501.83 0.14 65.74 4.22
311 1589.37 504.88 0.43 -84.96 4.30
312 1770.89 502.54 0.11 8.66 3.52
313 276.39 501.25 0.24 32.23 1.95
314 1852.02 505.08 0.12 -53.19 5.64
315 642.56 503.90 0.11 82.46 3.24
316 942.88 504.89 0.29 -7.15 3.14
317 1348.91 505.96 0.83 -68.56 1.60
318 290.97 505.36 0.51 67.32 1.60
319 530.66 506.46 0.22 77.42 2.71
320 879.83 507.44 0.23 -10.75 2.19
321 1375.74 506.99 0.58 25.36 1.78
322 1044.90 514.07 0.10 -81.10 4.33
323 507.36 512.72 0.08 59.95 2.26
324 482.35 516.48 0.06 -19.60 2.71
325 1573.75 515.83 0.33 -31.77 2.65
326 1716.04 520.68 0.06 -42.36 6.51
327 1852.23 518.72 0.10 -52.65 3.61
328 60.13 518.82 0.25 27.49 3.66
329 1345.19 521.44 0.50 72.81 4.79
330 1316.52 522.86 0.15 68.29 3.09
331 1960.91 521.25 0.36 -59.11 1.60
332 1997.53 524.59 0.19 -57.13 3.19
333 815.44 528.04 0.08 -79.05 4.15
334 959.00 526.11 0.16 60.12 2.33
335 1824.03 526.55 0.37 -63.31 1.78
336 1236.23 528.98 0.16 59.02 3.14
337 1742.82 529.61 0.55 -11.96 3.43
338 1759.39 531.46 0.04 -86.62 4.89
339 587.42 534.07 0.34 56.41 3.14
340 1379.13 534.48 0.33 -69.81 2.93
341 1319.12 537.21 0.12 45.55 5.81
342 764.84 534.68 0.17 -10.93 2.52
343 305.34 538.43 0.04 -14.95 2.11
344 354.73 538.74 0.27 46.13 1.87
345 456.06 543.10 0.34 -13.73 7.29
346 642.77 544.38 0.17 -87.65 7.76
347 575.74 541.76 0.19 59.50 3.87
348 1885.86 539.17 0.19 32.80 1.87
349 1049.95 547.12 0.13 -78.73 8.04
350 1953.10 541.86 0.38 59.74 2.82
351 332.28 552.09 0.29 37.34 3.57
352 1406.71 551.16 0.33 -80.34 2.11
353 575.19 555.08 0.08 -83.47 5.47
354 113.65 555.39 0.31 22.31 5.97
355 1085.39 555.63 0.14 -3.31 2.26
356 1154.71 559.39 0.14 -80.82 4.89
357 881.36 565.11 0.19 -47.77 4.41
358 1898.11 561.86 0.23 45.93 1.60
359 577.72 568.88 0.07 67.81 6.18
360 1544.24 568.65 0.04 78.96 3.78
361 1609.60 566.48 0.36 18.05 1.78
362 1785.14 567.70 0.10 56.31 2.76
363 182.96 568.85 0.04 81.79 2.93
364 1921.81 567.55 0.49 -45.94 1.78
365 2022.50 568.02 0.51 -37.86 2.11
366 1849.98 571.26 0.09 -63.46 4.65
367 767.58 569.68 0.29 36.06 2.33
368 1064.58 572.46 0.11 -72.67 4.95
369 1424.11 571.56 0.09 12.40 3.14
370 1643.19 575.73 0.35 17.86 7.98
371 1035.19 574.56 0.09 -80.92 5.05
372 1497.61 579.61 0.07 -61.32 9.15
373 1357.15 582.39 0.03 -39.91 9.52
374 956.41 574.87 0.48 -47.12 1.60
375 1762.61 577.27 0.18 -23.12 1.87
376 524.55 590.38 0.07 64.88 11.47
377 894.11 581.63 0.07 -53.25 5.17
378 302.25 581.25 0.75 64.71 1.60
379 903.79 584.87 0.07 -87.49 3.66
380 1842.15 587.51 0.07 -45.52 7.05
381 790.23 589.25 0.10 -88.82 7.16
382 249.26 584.60 0.38 39.57 2.11
383 1413.34 591.68 0.10 -61.66 7.00
384 1444.79 586.10 0.38 68.11 1.60
385 1588.70 590.49 0.05 -34.60 6.43
386 1864.19 586.77 0.28 -58.29 2.76
387 996.91 596.11 0.39 53.94 4.62
388 1522.53 595.43 0.07 78.04 4.07
389 1652.85 593.25 0.23 -9.36 2.33
390 545.13 595.43 0.18 63.51 3.43
391 336.23 596.72 0.36 59.26 2.93
392 1275.33 599.68 0.05 -81.64 6.91
393 1733.38 597.58 0.06 -52.16 4.79
394 1856.24 596.14 0.08 38.28 3.29
395 1888.30 597.91 0.04 38.31 3.74
396 1200.20 599.36 0.21 73.53 1.78
397 1572.27 609.30 0.05 -62.38 10.30
398 387.25 623.72 0.14 11.75 19.25
399 1463.50 607.43 0.25 2.45 5.38
400 1613.61 611.94 0.06 -75.82 9.06
401 350.34 606.82 0.16 32.77 2.65
402 249.53 605.51 0.55 0.68 1.60
403 2016.83 609.78 0.46 -47.65 1.60
404 1997.40 622.07 0.30 48.57 8.12
405 677.48 619.42 0.11 75.32 5.14
406 982.87 626.46 0.15 -49.62 5.70
407 1038.00 624.01 0.45 -75.12 2.03
408 946.67 627.80 0.20 78.00 3.78
409 1770.70 625.95 0.04 -79.53 2.59
410 455.18 630.23 0.08 60.14 5.14
411 1453.11 629.31 0.40 -50.65 2.26
412 406.70 631.53 0.79 -52.98 1.60
413 1181.69 635.39 0.10 -69.62 6.63
414 1427.11 633.76 0.43 79.55 2.76
415 964.45 631.95 0.24 -76.69 1.69
416 1305.49 632.66 0.12 -88.95 2.03
417 2019.07 634.60 0.18 62.66 2.99
418 813.75 635.02 0.39 -27.05 1.60
419 499.49 648.60 0.14 78.00 7.80
420 1559.34 647.07 0.26 -3.11 5.05
421 1052.03 660.23 0.10 -7.63 7.36
422 1605.66 657.59 0.11 -73.70 4.95
423 892.44 655.17 0.14 -16.94 2.03
424 1723.21 659.79 0.04 76.16 5.73
425 163.73 666.63 0.25 22.71 10.65
426 1958.79 660.92 0.49 80.66 1.69
427 330.17 663.03 0.18 42.98 3.95
428 1905.03 661.53 0.39 -36.75 3.48
429 775.25 666.24 0.03 53.31 5.84
430 1975.67 662.03 0.51 -27.39 2.11
431 1497.32 664.35 0.44 32.50 1.87
432 464.28 668.63 0.07 -73.29 4.92
433 1782.11 671.78 0.02 86.66 7.38
434 1472.67 666.98 0.43 -60.42 1.87
435 271.78 670.31 0.29 16.57 4.95
436 524.26 668.87 0.53 -35.14 1.60
437 945.31 670.39 0.01 9.22 1.78
438 1060.48 672.96 0.15 82.62 4.22
439 612.99 675.64 0.17 58.79 4.79
440 991.50 676.27 0.18 23.08 4.75
441 1167.05 675.54 0.25 65.97 2.71
442 31.58 680.43 0.23 -3.01 2.03
443 1616.90 681.07 0.51 -76.46 1.95
444 1968.38 690.96 0.14 7.06 10.54
445 952.47 684.37 0.63 31.76 2.03
446 1735.05 692.12 0.14 -67.01 3.78
447 1140.41 694.68 0.08 -0.73 2.65
448 1903.40 692.92 0.52 3.05 2.19
449 681.71 697.22 0.43 -81.49 3.09
450 846.93 695.91 0.18 -82.98 2.46
451 1443.14 698.21 0.06 -10.02 4.07
452 713.52 699.54 0.08 54.95 3.66
453 200.01 701.59 0.27 21.36 5.29
454 1490.60 705.29 0.10 -75.65 5.64
455 1617.47 702.39 0.41 54.07 2.19
456 1766.32 704.04 0.34 -66.29 2.88
457 1966.11 703.77 0.53 -47.67 1.60
458 1266.25 705.69 0.17 24.86 4.48
459 315.67 706.07 0.13 11.03 3.83
460 610.69 714.73 0.03 -32.35 7.20
461 171.62 711.05 0.40 6.86 3.19
462 500.85 713.72 0.25 72.29 4.11
463 28.01 713.88 0.34 7.50 5.89
464 1971.60 715.76 0.58 -33.79 3.29
465 1475.07 715.99 0.11 -40.66 3.61
466 489.92 718.94 0.27 8.42 3.99
467 1795.01 722.10 0.06 -27.02 5.97
468 1808.06 722.72 0.25 -89.45 4.48
469 642.62 723.62 0.26 -38.17 4.82
470 1924.28 724.91 0.30 51.96 3.61
471 960.57 726.56 0.37 59.40 2.82
472 1674.10 728.78 0.08 -24.97 4.85
473 1595.17 730.80 0.12 -81.19 4.79
474 1845.31 731.18 0.14 -70.01 4.79
475 116.17 731.53 0.32 13.95 5.26
476 1826.31 730.30 0.47 -28.09 4.11
477 44.03 733.37 0.21 11.39 3.87
478 1093.68 734.56 0.14 18.37 3.57
479 180.91 738.88 0.24 15.04 6.70
480 972.83 737.35 0.39 78.42 3.34
481 1926.58 736.08 0.15 8.70 3.39
482 1415.58 741.14 0.17 -77.34 4.98
483 1881.06 737.99 0.19 62.68 1.95
484 597.41 739.52 0.70 80.11 1.69
485 1450.27 743.67 0.08 -79.30 5.08
486 1613.34 745.71 0.09 -25.43 4.22
487 774.78 747.60 0.17 72.53 1.69
488 1959.42 755.11 0.14 -34.79 6.21
489 1476.97 753.55 0.59 -55.37 2.19
490 968.77 760.42 0.07 -83.22 7.09
491 1203.87 760.06 0.10 -81.05 4.92
492 756.73 758.87 0.42 69.84 2.19
493 786.39 761.84 0.04 89.26 3.43
494 23.89 762.89 0.25 -45.40 3.39
495 1159.14 763.39 0.12 81.52 4.58
496 1487.91 763.04 0.15 -73.33 4.07
497 1766.38 761.60 0.05 -24.77 2.93
498 678.94 763.71 0.08 -55.84 3.43
499 1576.08 763.24 0.13 66.48 2.11
500 65.16 763.94 0.17 -35.56 2.33
501 578.63 771.67 0.08 83.15 6.84
502 1379.21 766.47 0.46 -29.43 2.19
503 1893.27 769.28 0.16 -72.78 2.71
504 1758.07 774.25 0.05 -66.71 6.26
505 1596.08 776.22 0.30 80.33 2.03
506 1140.90 780.30 0.07 -85.83 3.14
507 820.38 781.36 0.17 74.96 3.29
508 909.81 784.65 0.26 61.79 2.71
509 309.42 786.20 0.14 56.26 4.26
510 768.05 787.37 0.37 -71.70 3.24
511 1508.68 787.59 0.19 59.11 3.78
512 1098.38 790.61 0.35 -2.11 3.39
513 199.48 798.22 0.23 17.54 9.92
514 746.95 792.88 0.07 -68.39 3.78
515 74.70 795.51 0.35 23.38 4.30
516 354.84 794.58 0.11 11.52 3.87
517 1307.33 795.55 0.28 -88.45 3.61
518 1251.56 797.07 0.17 -46.70 4.48
519 1627.85 794.09 0.60 41.45 1.60
520 701.35 797.70 0.10 -44.12 3.57
521 870.44 799.37 0.14 51.74 4.82
522 660.59 798.32 0.51 52.19 1.69
523 1575.93 802.25 0.08 -72.09 5.38
524 1918.29 803.17 0.05 -55.16 3.87
525 1423.21 804.01 0.18 86.49 3.24
526 1473.17 804.19 0.47 29.40 2.33
527 1660.57 806.36 0.27 89.27 3.19
528 921.82 806.74 0.12 88.58 2.76
529 1174.59 807.42 0.12 -35.55 3.66
530 1364.56 811.62 0.13 -73.29 4.82
531 45.32 817.65 0.49 8.92 9.67
532 1777.39 813.21 0.19 5.44 3.39
533 326.99 813.41 0.36 -57.70 2.93
534 1013.03 820.76 0.25 81.35 4.41
535 196.27 819.75 0.21 27.98 2.65
536 1493.81 822.66 0.21 71.09 5.23
537 1885.65 821.95 0.05 -48.52 3.48
538 219.37 821.84 0.26 28.05 3.43
539 1502.47 823.00 0.30 51.15 2.39
540 1719.97 827.08 0.08 -78.60 6.33
541 120.85 836.00 0.13 -73.90 9.76
542 1900.14 824.72 0.47 81.54 2.03
543 629.25 832.87 0.23 43.50 4.51
544 315.81 834.63 0.19 -21.40 3.61
545 1607.29 839.93 0.10 -84.95 4.62
546 617.70 845.72 0.08 89.50 4.22
547 1639.64 846.07 0.22 -54.98 4.41
548 693.41 848.41 0.07 73.91 5.11
549 1065.16 856.28 0.11 -78.11 4.69
550 129.03 857.72 0.39 9.95 3.09
551 1562.45 865.42 0.52 -68.46 7.90
552 1320.97 861.92 0.40 -37.15 3.87
553 1036.45 862.38 0.23 77.67 3.91
554 173.51 864.77 0.11 18.96 3.39
555 181.01 862.79 0.28 22.89 2.26
556 199.96 867.60 0.23 18.48 4.89
557 1272.68 866.85 0.13 75.34 4.11
558 18.50 867.91 0.59 -9.02 2.59
559 1177.31 869.99 0.03 43.68 4.03
560 161.84 880.62 0.23 12.72 12.73
561 1170.34 874.66 0.20 14.49 2.52
562 1584.06 878.91 0.57 10.81 4.41
563 595.05 883.33 0.23 42.59 3.29
564 1971.19 883.96 0.34 -28.13 3.52
565 1120.75 892.70 0.65 -13.49 9.72
566 472.21 895.06 0.21 -70.46 5.81
567 1913.67 892.41 0.17 85.86 2.33
568 921.63 895.70 0.15 16.82 2.65
569 373.65 904.51 0.32 81.32 6.98
570 1623.03 902.56 0.18 -82.20 4.22
571 110.49 903.77 0.17 -65.38 2.46
572 1745.61 905.81 0.11 -61.06 5.47
573 420.42 905.82 0.17 36.59 4.07
574 1650.73 903.94 0.12 55.62 1.78
575 443.22 905.53 0.13 -74.90 3.09
576 1997.85 905.63 0.39 -53.71 2.11
577 1657.00 908.11 0.20 -44.10 3.34
578 1457.39 910.60 0.15 -55.09 4.41
579 1783.82 916.19 0.09 70.04 4.89
580 699.73 925.61 0.72 52.29 7.05
581 729.59 921.77 0.41 77.46 2.88
582 351.55 923.96 0.08 37.75 5.17
583 441.83 923.93 0.32 52.80 2.71
584 639.43 923.01 0.22 9.93 2.82
585 1201.60 925.12 0.06 -85.09 4.65
586 1353.30 925.05 0.10 -69.17 4.30
587 1660.78 924.43 0.21 65.45 2.39
588 263.01 925.99 0.69 51.28 1.60
589 1214.75 927.11 0.31 -87.29 2.39
590 1138.29 943.85 0.02 -45.09 15.08
591 1491.03 929.81 0.11 -45.68 2.88
592 511.06 931.25 0.30 14.56 3.87
593 1386.94 932.84 0.25 -61.65 4.15
594 948.39 931.17 0.11 8.15 2.33
595 732.21 933.82 0.42 66.72 3.61
596 1000.16 932.49 0.10 87.01 2.65
597 1429.49 935.77 0.02 -52.81 4.92
598 1394.26 936.95 0.10 45.23 3.29
599 765.57 937.12 0.13 -77.11 3.57
600 1776.02 938.68 0.07 1.15 4.95
601 1453.10 948.40 0.03 -70.55 7.20
602 610.67 953.92 0.03 69.44 9.18
603 1702.51 945.13 0.24 -37.80 1.60
604 798.02 950.06 0.22 71.79 3.14
605 1261.52 948.06 0.19 -35.58 1.60
606 232.23 952.89 0.08 33.71 4.58
607 1557.22 950.25 0.09 -84.15 2.65
608 1943.42 950.34 0.09 25.93 2.26
609 278.95 953.06 0.15 24.65 3.57
610 1374.89 955.15 0.21 -78.78 2.59
611 1954.47 954.50 0.12 -38.34 2.93
612 39.12 957.92 0.15 1.07 4.07
613 848.93 958.72 0.45 40.82 4.75
614 829.52 958.68 0.11 88.11 3.43
615 1605.38 957.71 0.26 -35.74 2.03
616 914.49 968.40 0.04 38.67 7.57
617 70.64 964.30 0.14 -16.11 2.11
618 371.50 963.75 0.55 46.78 1.95
619 1435.40 963.23 0.41 -16.30 1.60
620 515.11 973.61 0.03 57.65 8.10
621 2028.21 967.34 0.55 -1.70 2.39
622 671.18 978.16 0.10 -66.29 3.87
623 1370.08 975.11 0.32 77.22 2.19
624 1573.91 974.90 0.28 73.91 1.69
625 588.16 979.81 0.22 62.46 3.70
626 829.25 978.48 0.14 -22.00 3.39
627 603.11 979.19 0.16 -35.80 2.52
628 175.01 981.11 0.28 3.78 3.57
629 289.15 985.70 0.30 19.12 4.69
630 967.01 985.05 0.42 40.22 1.87
631 2004.11 985.01 0.47 -78.32 1.78
632 320.48 986.37 0.21 14.42 3.48
633 1296.41 987.11 0.07 -50.22 3.78
634 1377.24 996.10 0.31 44.89 3.52
635 1965.35 995.68 0.32 39.36 2.65
636 375.76 997.95 0.10 26.89 3.48
637 899.42 997.59 0.35 -30.42 3.09
638 1979.46 998.33 0.09 4.57 3.83
639 537.32 1002.73 0.13 47.22 4.18
640 1689.98 1004.62 0.07 -77.19 4.07
641 1395.28 1004.35 0.61 -76.00 1.95
642 498.87 1004.16 0.22 42.89 1.60
643 1316.44 1008.35 0.05 62.17 5.47
644 1521.18 1004.05 0.39 8.49 1.95
645 1402.01 1010.01 0.14 76.42 2.82
646 121.78 1010.13 0.33 7.91 2.46
647 478.13 1012.56 0.34 40.34 3.66
648 301.32 1014.52 0.18 41.46 4.55
649 529.56 1012.56 0.20 -89.71 2.39
650 656.82 1012.97 0.10 -19.00 3.48
651 1460.89 1013.81 0.36 30.45 2.71
652 1512.15 1012.57 0.38 -35.59 1.78
653 1303.45 1014.94 0.23 -89.27 2.19
654 347.20 1016.41 0.28 -35.22 4.41
655 1290.23 1017.65 0.24 -75.92 2.19
656 674.10 1026.42 0.03 86.30 8.27
657 285.15 1032.42 0.14 12.49 10.30
658 1468.05 1026.54 0.21 -70.67 3.99
659 808.85 1025.24 0.28 -38.99 2.33
660 1103.30 1027.88 0.08 76.26 5.05
661 1708.40 1026.76 0.13 -62.12 3.04
662 1794.82 1028.83 0.09 74.53 4.15
663 307.26 1030.61 0.20 24.83 3.66
664 519.46 1031.23 0.22 18.75 2.03
665 131.96 1033.20 0.24 72.16 2.99
666 920.00 1036.98 0.15 -65.91 5.67
667 1379.83 1031.55 0.44 -33.88 1.69
668 711.64 1034.11 0.36 -47.78 1.78
669 813.15 1039.27 0.09 -83.78 4.82
670 1549.36 1042.08 0.03 -31.25 7.23
671 1752.34 1039.13 0.10 21.46 4.44
672 332.54 1038.60 0.64 -57.83 2.19
673 472.78 1039.46 0.21 -25.56 2.59
674 931.49 1040.57 0.04 -23.32 3.24
675 994.80 1040.81 0.43 61.14 2.19
676 425.74 1044.21 0.25 15.95 4.55
677 1416.61 1045.53 0.07 -80.67 3.74
678 222.68 1045.21 0.25 31.81 2.82
679 669.17 1046.07 0.33 57.74 2.11
680 1386.75 1045.26 0.31 6.07 1.60
681 1839.52 1055.10 0.04 -3.29 9.57
682 201.12 1048.67 0.34 -7.36 2.82
683 191.02 1051.55 0.26 7.35 4.92
684 674.30 1064.57 0.11 59.01 10.49
685 1178.86 1056.84 0.31 64.44 4.48
686 1684.82 1058.07 0.12 -37.45 6.15
687 1622.04 1056.94 0.07 -29.80 3.04
688 346.06 1061.81 0.27 71.41 2.03
689 2031.17 1060.96 0.00 15.88 2.76
690 1068.79 1063.39 0.04 72.40 2.76
691 1191.10 1064.33 0.24 33.33 2.71
692 167.19 1066.17 0.15 5.26 3.52
693 458.46 1066.86 0.05 -34.13 4.51
694 34.77 1070.74 0.12 -9.88 5.14
695 1620.58 1065.36 0.29 69.02 1.87
696 1542.96 1068.32 0.34 -52.27 3.34
697 696.27 1068.43 0.33 -61.45 2.19
698 590.17 1073.55 0.05 57.78 4.41
699 1017.00 1071.13 0.07 56.18 3.34
700 202.32 1072.48 0.55 -10.51 2.76
701 340.92 1072.24 0.51 2.09 2.26
702 1204.75 1079.28 0.06 -76.50 4.95
703 1156.80 1081.18 0.06 -87.07 4.92
704 914.06 1084.12 0.41 34.79 4.33
705 614.98 1091.60 0.01 61.94 7.84
706 1533.92 1087.07 0.38 70.55 3.57
707 1491.23 1086.83 0.11 46.03 2.71
708 1073.90 1085.86 0.55 -12.84 1.60
709 779.64 1089.34 0.34 50.79 2.11
710 836.14 1092.52 0.37 -35.75 2.39
711 1929.52 1096.68 0.01 35.78 4.69
712 1914.82 1094.88 0.20 1.90 2.46
713 544.97 1110.28 0.04 88.32 4.98
714 603.89 1110.62 0.24 -51.86 3.74
715 1348.27 1110.55 0.38 82.14 3.48
716 110.17 1109.36 0.47 28.04 3.09
717 519.91 1109.73 0.43 11.29 2.26
718 785.41 1114.24 0.23 -11.14 7.61
719 725.68 1114.21 0.15 3.03 3.29
720 1901.23 1119.66 0.21 -89.51 5.05
721 77.41 1119.03 0.23 6.96 4.98
722 562.57 1116.08 0.63 -85.17 1.69
723 381.41 1118.56 0.11 -5.71 3.61
724 1884.28 1117.72 0.11 -23.14 2.88
725 1961.40 1117.32 0.36 -41.61 2.88
726 1422.50 1120.27 0.37 -14.96 5.47
727 1061.65 1119.74 0.10 -56.22 3.04
728 521.82 1119.51 0.49 34.22 1.95
729 541.72 1124.88 0.26 -82.07 3.74
730 1471.50 1124.39 0.11 20.01 3.91
731 1048.09 1135.70 0.44 -78.67 7.69
732 1433.14 1130.93 0.06 6.06 5.44
733 149.15 1129.32 0.42 -45.17 2.26
734 428.89 1129.33 0.24 -10.45 2.76
735 1240.24 1130.10 0.22 -73.71 2.93
736 951.30 1136.58 0.06 66.81 8.25
737 374.11 1130.18 0.53 -30.94 2.19
738 321.15 1135.67 0.07 -47.24 5.75
739 753.30 1140.01 0.36 73.42 6.70
740 215.58 1140.70 0.19 -1.62 7.72
741 580.61 1141.51 0.02 34.03 7.00
742 185.42 1142.19 0.16 -11.28 4.11
743 1169.83 1140.36 0.31 10.55 2.99
744 1480.32 1145.07 0.22 83.18 2.19
745 716.98 1159.23 0.03 49.16 14.54
746 460.22 1148.93 0.16 -9.32 2.03
747 967.05 1150.38 0.43 72.84 2.19
748 494.24 1152.10 0.19 49.99 2.88
749 1961.37 1151.14 0.49 -32.40 2.52
750 1095.37 1152.29 0.21 28.22 3.09
751 88.89 1156.74 0.11 -47.80 4.65
752 752.63 1153.78 0.36 38.29 2.19
753 1798.82 1160.80 0.20 76.02 3.91
754 1279.46 1161.81 0.41 46.00 3.99
755 1807.87 1160.38 0.03 -1.76 2.26
756 1976.36 1162.42 0.19 -12.47 3.39
757 535.06 1168.05 0.04 55.34 6.08
758 1342.33 1163.49 0.03 66.98 2.11
759 1772.66 1165.62 0.37 79.50 3.29
760 402.61 1167.76 0.10 3.34 5.26
761 1725.97 1168.10 0.20 5.80 3.14
762 1223.45 1177.76 0.09 -9.47 5.26
763 1000.75 1176.46 0.11 -29.88 2.88
764 928.83 1196.96 0.41 -55.11 16.11
765 368.43 1177.88 0.10 58.94 2.65
766 1357.79 1181.34 0.08 7.29 5.56
767 360.26 1180.80 0.34 -12.94 2.71
768 223.48 1186.16 0.19 -26.48 5.26
769 378.31 1189.87 0.36 -66.24 6.00
770 1514.36 1190.02 0.07 54.21 5.26
771 1848.37 1188.81 0.56 14.71 2.11
772 1945.35 1197.16 0.12 28.60 6.08
773 1675.92 1194.67 0.07 -35.45 3.91
774 163.54 1196.49 0.14 -22.79 3.70
775 645.26 1193.81 0.43 41.95 1.95
776 43.97 1197.87 0.19 -7.76 3.78
777 152.96 1197.62 0.19 -5.34 3.52
778 1557.88 1195.87 0.63 -76.33 1.60
779 1131.38 1201.68 0.10 42.25 4.51
780 1471.71 1198.17 0.21 -24.44 2.46
781 1214.98 1204.03 0.13 -41.66 5.17
782 1850.78 1207.16 0.06 -81.32 4.95
783 949.24 1205.98 0.54 -82.23 1.69
784 808.01 1207.96 0.43 -66.97 2.59
785 174.22 1208.74 0.25 -13.67 3.57
786 877.64 1208.30 0.15 61.68 3.29
787 1281.39 1210.48 0.12 2.54 2.11
788 272.15 1213.43 0.25 -3.50 3.19
789 298.71 1226.36 0.11 -8.70 12.90
790 1273.02 1217.05 0.12 -26.77 3.52
791 528.45 1219.27 0.16 -41.11 2.65
792 919.37 1219.08 0.43 -44.83 1.60
793 1107.88 1220.33 0.30 -29.09 2.46
794 1904.31 1220.64 0.42 65.45 2.03
795 623.11 1222.34 0.53 0.27 1.69
796 563.26 1225.12 0.43 6.83 3.43
797 408.68 1227.95 0.11 -18.39 5.20
798 646.87 1228.84 0.16 -77.37 4.58
799 1143.86 1225.25 0.52 -55.29 1.60
800 159.07 1227.08 0.28 58.49 2.33
801 457.40 1227.72 0.56 -44.25 1.60
802 1656.16 1227.92 0.07 -84.24 2.59
803 893.98 1232.17 0.09 56.45 5.05
804 1598.44 1231.18 0.07 85.55 1.95
805 1851.37 1236.67 0.62 -19.87 2.03
806 2024.08 1237.07 0.27 17.51 2.71
807 1743.76 1237.43 0.41 -39.11 1.78
808 642.52 1239.71 0.15 80.46 2.46
809 621.19 1240.25 0.15 79.65 2.11
810 370.03 1244.10 0.10 -87.84 3.48
811 708.93 1257.42 0.10 64.19 14.32
812 83.98 1243.45 0.60 -42.63 1.69
813 2009.55 1247.94 0.18 -27.60 3.95
814 1311.19 1249.34 0.07 43.91 4.72
815 1250.07 1249.29 0.32 3.17 2.76
816 68.94 1251.87 0.09 -56.24 3.34
817 816.02 1250.79 0.30 33.50 2.59
818 1090.03 1251.87 0.27 -78.62 3.04
819 1635.57 1249.59 0.27 -15.07 2.03
820 1900.41 1253.43 0.54 -79.86 2.65
821 461.75 1254.64 0.07 85.49 3.14
822 748.44 1256.94 0.34 78.93 2.59
823 238.76 1255.91 0.36 -12.50 2.03
824 483.39 1258.34 0.12 34.94 2.03
825 515.84 1260.43 0.11 60.98 2.46
826 590.55 1266.59 0.01 -47.90 8.54
827 1698.69 1265.18 0.02 23.84 6.15
828 1632.69 1268.92 0.22 79.54 5.32
829 302.14 1270.52 0.10 58.71 6.89
830 1453.64 1266.84 0.08 41.10 4.62
831 1198.17 1266.41 0.10 85.28 2.65
832 474.00 1271.28 0.40 -59.33 5.50
833 1804.13 1269.15 0.32 -0.49 1.95
834 1088.21 1270.38 0.75 -11.20 1.60
835 1888.39 1276.32 0.30 52.39 4.65
836 650.11 1274.81 0.16 -74.35 2.82
837 1834.99 1275.89 0.21 36.96 2.88
838 353.49 1281.97 0.14 -16.91 6.31
839 938.04 1278.18 0.22 -87.64 1.78
840 1071.75 1287.80 0.02 -53.54 9.18
841 1550.07 1284.49 0.13 88.45 3.29
842 872.98 1283.98 0.51 -12.48 2.71
843 1048.96 1290.80 0.38 35.77 7.46
844 1633.53 1284.53 0.42 46.15 1.60
845 1211.47 1288.62 0.03 78.29 5.14
846 1437.93 1289.50 0.01 0.92 4.65
847 1096.56 1291.39 0.45 79.92 3.74
848 149.33 1291.37 0.17 8.98 4.41
849 771.67 1293.21 0.01 38.83 5.29
850 105.74 1290.65 0.22 62.34 1.95
851 1421.32 1291.24 0.20 21.17 2.46
852 789.23 1294.66 0.26 -67.86 2.39
853 231.95 1298.94 0.19 -51.01 3.29
854 784.83 1297.92 0.40 58.88 1.69
855 1932.36 1297.68 0.26 26.63 1.87
856 1229.50 1298.58 0.43 8.29 2.26
857 1046.22 1303.27 0.20 19.07 5.14
858 1128.43 1303.89 0.02 63.19 6.10
859 1728.89 1302.45 0.28 36.59 1.95
860 374.28 1306.96 0.13 75.93 3.19
861 56.68 1306.94 0.23 -9.34 3.70
862 1031.94 1313.22 0.15 -59.85 6.33
863 1083.88 1309.89 0.27 21.87 5.78
864 80.22 1311.59 0.29 -60.96 2.46
865 922.98 1310.50 0.30 -30.49 1.95
866 262.62 1311.50 0.22 -0.07 1.78
867 289.61 1311.48 0.63 -46.53 1.60
868 333.44 1312.14 0.22 -25.97 2.26
869 519.43 1314.67 0.15 -50.79 2.03
870 1427.62 1317.96 0.07 76.87 4.26
871 882.64 1317.22 0.37 -15.26 2.65
872 681.73 1317.62 0.30 -17.22 1.95
873 1036.88 1324.23 0.22 63.93 3.19
874 438.89 1329.80 0.52 71.65 1.78
875 755.29 1332.19 0.42 -0.22 3.34
876 801.34 1335.22 0.41 59.02 4.11
877 1656.56 1333.66 0.17 45.88 4.51
878 1129.46 1337.71 0.13 58.19 4.79
879 1014.87 1336.35 0.13 -7.45 3.66
880 198.32 1340.87 0.24 -17.98 7.48
881 768.13 1343.08 0.27 -65.28 3.66
882 1901.69 1341.04 0.25 3.74 3.19
883 990.25 1347.87 0.41 -7.60 9.61
884 1513.00 1348.08 0.03 72.27 7.02
885 229.14 1354.90 0.21 -15.03 11.21
886 743.26 1348.41 0.08 81.76 5.73
887 1224.76 1349.28 0.06 52.47 4.55
888 1307.05 1348.02 0.25 44.84 2.93
889 329.66 1355.48 0.14 -17.67 8.21
890 423.82 1347.65 0.16 -45.24 2.59
891 125.92 1351.46 0.08 -27.62 3.78
892 308.21 1349.57 0.29 -54.80 2.71
893 1627.56 1349.20 0.54 66.66 2.03
894 559.08 1354.26 0.09 -62.70 5.73
895 1244.15 1354.34 0.06 -72.35 6.51
896 589.47 1359.52 0.42 -76.83 6.23
897 1874.59 1355.30 0.36 56.72 2.76
898 258.05 1359.64 0.19 -18.41 5.84
899 1462.77 1362.39 0.21 82.41 4.26
900 1504.86 1359.35 0.21 70.98 2.88
901 1653.40 1359.06 0.43 2.06 2.82
902 1701.43 1360.13 0.18 -27.19 3.78
903 1418.66 1364.06 0.12 83.50 3.91
904 1901.65 1363.45 0.43 -60.17 1.87
905 1430.52 1364.53 0.36 36.80 2.33
906 1787.24 1364.35 0.60 -54.73 1.60
907 1242.81 1366.97 0.11 -34.18 3.34
908 1776.62 1365.05 0.25 18.79 1.69
909 1031.53 1366.17 0.46 -6.92 1.87
910 1086.19 1368.53 0.33 48.05 1.87
911 1972.96 1370.40 0.17 -0.03 2.93
912 1911.53 1372.73 0.37 -0.47 4.22
913 2018.16 1375.47 0.42 13.04 2.82
914 1051.02 1377.95 0.05 67.13 2.65
915 1798.98 1377.74 0.64 30.85 1.60
916 18.25 1380.59 0.29 12.49 3.04
917 1506.36 1382.93 0.55 67.81 1.87
918 263.19 1383.52 0.13 26.74 1.69
919 1524.92 1387.48 0.03 5.51 4.82
920 96.63 1387.99 0.11 -81.78 2.71
921 1077.76 1387.34 0.17 74.63 2.82
922 559.12 1390.85 0.26 45.67 4.37
923 765.08 1390.93 0.73 -53.44 1.60
924 1958.21 1397.01 0.50 20.47 2.88
925 509.02 1398.86 0.17 89.45 2.76
926 1250.52 1399.61 0.37 87.83 2.93
927 1612.21 1408.47 0.07 57.53 6.98
928 1816.90 1403.88 0.17 54.56 2.71
929 1368.91 1403.86 0.38 79.27 1.95
930 570.57 1404.86 0.49 42.32 1.78
931 1491.55 1411.60 0.24 -29.29 6.68
932 1773.31 1407.82 0.22 17.68 2.52
933 1019.13 1410.22 0.38 69.15 2.39
934 1270.74 1408.48 0.03 72.15 1.60
935 1677.86 1409.01 0.32 50.61 2.26
936 556.72 1410.27 0.12 64.14 2.65
937 128.24 1415.50 0.20 -60.71 2.71
938 446.41 1414.80 0.03 -17.67 3.24
939 903.94 1416.16 0.22 -66.73 3.74
940 1156.89 1415.03 0.15 -5.30 2.03
941 1277.26 1426.42 0.04 68.21 10.81
942 1833.88 1425.52 0.18 55.78 7.46
943 1176.45 1422.71 0.51 -70.87 2.19
944 1568.17 1423.94 0.18 25.13 4.33
945 272.88 1434.41 0.18 -19.32 11.79
946 961.08 1427.95 0.10 -89.94 5.78
947 991.34 1427.72 0.00 -56.07 3.78
948 1010.66 1425.98 0.28 31.93 1.87
949 222.45 1428.64 0.06 20.75 3.14
950 1022.70 1447.14 0.03 -26.57 18.70
951 589.08 1437.41 0.04 -68.71 7.18
952 1709.63 1434.83 0.12 61.10 4.37
953 445.53 1436.98 0.12 -43.30 5.08
954 464.36 1435.25 0.34 -43.23 2.88
955 67.96 1436.70 0.15 -33.13 2.33
956 1702.19 1440.70 0.19 41.11 4.69
957 1151.24 1440.21 0.21 -77.57 2.39
958 1858.02 1444.37 0.21 40.98 3.09
959 1975.30 1450.55 0.32 41.14 4.95
960 600.15 1448.89 0.08 55.85 4.72
961 652.30 1452.63 0.19 -76.20 4.58
962 1689.07 1450.75 0.25 23.82 2.52
963 1041.34 1451.21 0.73 -24.61 1.60
964 884.93 1453.86 0.25 73.82 2.99
965 668.36 1454.40 0.38 67.20 2.39
966 1897.57 1458.73 0.26 32.71 1.95
967 1247.08 1463.27 0.21 -31.24 2.65
968 1397.74 1465.04 0.10 86.38 4.26
969 1565.00 1465.25 0.03 62.31 4.82
970 648.05 1465.84 0.45 -83.93 2.46
971 972.19 1469.03 0.36 -78.57 4.58
972 1228.42 1471.03 0.12 73.28 5.97
973 446.47 1467.28 0.26 -9.49 2.26
974 1899.53 1474.26 0.17 35.30 7.38
975 651.42 1474.57 0.52 51.73 2.99
976 1754.78 1474.43 0.39 60.31 2.93
977 1026.77 1476.92 0.22 66.00 3.99
978 1951.61 1474.42 0.46 15.06 2.03
979 433.10 1477.03 0.31 -70.31 2.76
980 1157.32 1483.50 0.09 54.41 8.56
981 217.84 1485.80 0.26 -24.45 9.15
982 729.53 1480.07 0.27 -63.77 3.34
983 1658.57 1483.32 0.10 43.85 6.56
984 1054.64 1481.47 0.19 -12.15 2.46
985 719.12 1483.25 0.63 -53.43 1.69
986 126.94 1489.73 0.11 -3.63 5.01
987 738.43 1487.97 0.06 44.95 4.72
988 1496.19 1487.57 0.22 63.51 3.39
989 609.57 1488.55 0.38 -37.45 4.11
990 1788.07 1495.36 0.15 51.37 8.31
991 1023.20 1492.25 0.16 4.16 2.26
992 1711.14 1496.01 0.24 21.00 2.26
993 1127.92 1499.20 0.12 -84.85 3.39
994 809.69 1507.11 0.06 -72.91 9.42
995 1824.13 1498.98 0.36 -7.92 1.60
996 1031.05 1503.40 0.26 -75.14 2.39
997 675.66 1504.99 0.20 -26.76 3.04
998 575.53 1507.35 0.28 18.05 3.39
999 777.10 1507.69 0.03 -83.03 3.57
1000 1702.61 1509.10 0.41 20.52 5.81
1001 1806.99 1508.02 0.29 48.29 3.78
1002 295.28 1506.93 0.34 9.99 2.46
1003 1333.84 1525.61 0.31 5.59 20.80
1004 505.22 1512.28 0.41 -64.68 3.09
1005 1213.17 1519.23 0.43 -30.53 7.86
1006 533.08 1522.31 0.06 0.43 7.38
1007 1869.55 1518.43 0.25 41.73 4.26
1008 675.76 1518.52 0.07 -58.47 4.22
1009 1180.36 1522.87 0.08 83.51 6.26
1010 1884.29 1519.27 0.12 38.97 3.39
1011 710.97 1521.63 0.05 70.49 2.93
1012 2016.25 1521.36 0.76 53.57 1.69
1013 793.01 1521.49 0.42 44.51 1.60
1014 1282.95 1527.14 0.11 68.77 4.98
1015 615.69 1529.32 0.53 61.74 4.30
1016 1573.95 1533.95 0.20 45.97 5.41
1017 1252.44 1531.32 0.43 50.50 3.48
1018 315.54 1538.63 0.21 -35.09 8.50
1019 581.54 1541.18 0.28 -68.90 8.94
1020 479.32 1536.31 0.04 -20.41 3.52
1021 1208.75 1538.14 0.15 85.31 2.82
1022 492.63 1537.85 0.23 33.20 2.76
1023 385.63 1544.11 0.13 -40.76 7.25
1024 882.71 1542.47 0.43 52.59 1.78
1025 957.03 1546.70 0.20 71.81 3.83
1026 1518.52 1545.99 0.23 -87.17 2.46
1027 486.26 1549.40 0.17 -57.42 4.75
1028 444.15 1548.89 0.49 -42.75 2.59
1029 1999.88 1548.62 0.53 -1.22 1.87
1030 631.69 1555.21 0.04 -5.83 4.15
1031 1990.86 1554.31 0.36 -35.31 2.11
1032 1178.69 1556.24 0.51 -68.03 1.87
1033 1329.50 1556.76 0.42 73.44 2.03
1034 236.93 1558.15 0.28 2.15 3.19
1035 1677.74 1559.07 0.22 53.77 3.48
1036 538.38 1566.25 0.07 -61.62 5.41
1037 1455.01 1561.43 0.58 -64.75 1.60
1038 1138.62 1569.47 0.42 70.35 6.15
1039 1191.99 1568.11 0.30 -51.42 2.59
1040 1889.86 1568.19 0.19 16.39 3.04
1041 1623.65 1568.47 0.31 26.11 1.95
1042 241.82 1575.64 0.26 -22.80 8.14
1043 1708.55 1573.95 0.30 2.13 6.60
1044 1219.19 1574.39 0.28 18.68 5.32
1045 180.13 1573.47 0.04 6.58 4.72
1046 1121.34 1572.57 0.31 -68.11 2.59
1047 969.18 1575.80 0.46 62.87 2.65
1048 1458.12 1584.33 0.18 75.03 4.44
1049 828.48 1584.52 0.17 77.35 5.29
1050 1863.22 1581.86 0.14 85.21 2.71
1051 265.87 1581.93 0.21 64.43 2.39
1052 1273.68 1592.31 0.53 -70.85 7.98
1053 1658.73 1582.97 0.13 -88.82 2.46
1054 1885.73 1583.21 0.27 38.35 2.19
1055 1922.84 1592.21 0.46 45.69 7.96
1056 1963.75 1592.99 0.25 44.21 9.87
1057 475.13 1586.68 0.20 -38.51 3.99
1058 1350.57 1585.66 0.24 58.96 2.99
1059 947.69 1596.17 0.12 73.57 8.04
1060 1891.77 1598.78 0.19 -36.78 5.20
1061 728.89 1596.17 0.25 -55.11 2.26
1062 1177.68 1598.69 0.29 80.20 3.14
1063 1945.24 1599.03 0.22 -86.39 3.95
1064 442.59 1600.62 0.36 -24.59 1.87
1065 559.93 1606.00 0.16 -57.89 6.48
1066 47.54 1602.05 0.42 -6.46 2.11
1067 36.00 1603.50 0.38 -62.59 1.78
1068 1699.16 1604.78 0.33 55.56 2.71
1069 131.58 1611.36 0.47 -23.63 6.28
1070 435.02 1606.32 0.32 64.11 2.26
1071 887.90 1606.59 0.50 63.36 1.69
1072 1242.93 1613.40 0.28 24.78 8.04
1073 1213.55 1610.14 0.03 -67.89 2.59
1074 1751.02 1610.93 0.45 9.18 5.01
1075 1701.42 1610.48 0.54 0.08 1.60
1076 1195.30 1614.49 0.39 84.09 2.65
1077 1122.51 1616.82 0.35 -85.34 3.78
1078 21.16 1616.68 0.68 35.55 1.69
1079 57.16 1615.92 0.49 -21.44 1.60
1080 1962.74 1617.97 0.32 49.40 3.24
1081 654.65 1619.49 0.78 55.65 1.87
1082 710.28 1622.17 0.16 -73.38 4.15
1083 1308.41 1621.18 0.15 73.71 2.46
1084 1501.84 1622.12 0.43 53.37 3.29
1085 1975.77 1621.47 0.42 33.37 2.65
1086 50.58 1622.70 0.51 -30.02 3.39
1087 1376.36 1628.59 0.13 68.96 6.68
1088 1676.24 1624.81 0.49 28.85 2.76
1089 1787.95 1630.49 0.33 58.02 5.67
1090 1820.79 1625.24 0.32 37.22 1.78
1091 738.88 1629.33 0.07 -47.83 4.11
1092 991.71 1629.89 0.14 -82.20 4.11
1093 319.70 1630.80 0.27 -42.22 3.74
1094 1524.20 1632.86 0.61 -69.99 3.04
1095 491.53 1637.69 0.12 -57.16 6.65
1096 1611.58 1637.79 0.08 5.71 6.82
1097 975.43 1636.29 0.18 72.24 3.19
1098 927.36 1638.48 0.61 -46.85 1.87
1099 994.57 1638.96 0.22 -40.89 2.46
1100 2007.56 1640.26 0.29 8.86 1.87
1101 699.00 1648.21 0.09 -83.89 8.43
1102 1017.53 1643.63 0.09 65.28 3.19
1103 60.61 1645.63 0.41 -26.18 3.43
1104 281.56 1646.72 0.33 31.22 2.93
1105 1309.26 1647.53 0.20 87.50 3.83
1106 490.23 1647.33 0.21 83.46 1.69
1107 940.55 1647.85 0.24 -3.59 1.78
1108 1508.81 1651.36 0.13 -80.31 1.69
1109 462.60 1657.89 0.02 83.05 4.82
1110 1054.24 1663.60 0.15 83.22 6.70
1111 1960.25 1655.87 0.66 -15.38 1.60
1112 490.70 1658.78 0.11 -36.62 2.59
1113 1125.50 1662.92 0.22 53.78 2.99
1114 627.20 1668.04 0.10 -62.00 7.02
1115 352.65 1666.92 0.29 -38.02 3.91
1116 102.39 1666.87 0.58 -24.54 2.26
1117 841.94 1668.25 0.18 -67.06 4.15
1118 138.28 1668.77 0.45 -64.26 2.52
1119 1142.72 1670.12 0.15 83.77 3.70
1120 1740.31 1668.54 0.13 82.25 2.82
1121 1856.63 1666.84 0.39 3.57 1.87
1122 1472.07 1668.76 0.45 40.63 1.69
1123 215.55 1674.00 0.24 66.84 5.44
1124 809.63 1680.62 0.11 89.43 9.22
1125 550.22 1680.77 0.27 84.05 5.53
1126 289.69 1683.57 0.29 -39.70 8.88
1127 1700.33 1682.90 0.51 87.68 3.70
1128 1901.66 1680.76 0.37 40.30 3.83
1129 779.61 1686.31 0.13 88.80 8.10
1130 1965.71 1682.46 0.48 43.40 5.08
1131 988.00 1681.25 0.46 79.45 1.87
1132 744.54 1685.70 0.17 35.69 3.29
1133 1107.15 1685.79 0.09 -74.65 2.71
1134 933.29 1690.14 0.15 56.91 3.29
1135 1508.98 1691.52 0.26 -84.87 2.99
1136 605.60 1692.07 0.11 71.04 3.70
1137 392.31 1695.76 0.21 -43.35 3.95
1138 1485.71 1698.22 0.25 77.53 3.57
1139 1221.49 1698.13 0.28 30.18 2.76
1140 1078.33 1706.99 0.33 73.34 4.79
1141 1260.28 1705.99 0.30 -84.06 2.88
1142 1789.51 1706.84 0.47 -0.34 2.39
1143 1585.69 1719.72 0.25 3.58 3.52
1144 1272.80 1725.76 0.11 69.42 5.53
1145 138.77 1722.39 0.35 -81.77 1.95
1146 984.14 1722.70 0.27 -75.15 2.03
1147 1091.06 1724.76 0.40 64.88 2.99
1148 1184.38 1724.34 0.15 49.29 2.76
1149 783.07 1725.69 0.30 -59.83 2.52
1150 1939.94 1723.46 0.52 5.36 1.60
1151 820.87 1727.09 0.21 -7.22 3.57
1152 758.99 1729.93 0.37 -73.45 3.57
1153 280.35 1733.08 0.28 -51.24 5.61
1154 1967.70 1735.41 0.32 46.13 6.28
1155 1127.58 1733.93 0.34 -87.32 1.78
1156 1026.01 1735.60 0.34 44.25 2.39
1157 1780.94 1742.91 0.29 54.71 8.08
1158 615.37 1739.95 0.33 47.81 3.39
1159 1293.04 1737.16 0.36 8.35 2.88
1160 208.93 1741.11 0.25 -26.22 4.26
1161 1062.55 1744.22 0.13 -76.04 5.59
1162 1299.84 1742.46 0.32 64.58 2.82
1163 359.89 1752.53 0.25 -44.70 6.89
1164 459.81 1748.65 0.15 -25.17 3.29
1165 1919.90 1751.64 0.24 61.21 4.30
1166 1273.96 1760.07 0.09 -28.21 7.94
1167 1183.25 1759.15 0.25 -79.68 5.75
1168 1071.94 1757.67 0.26 85.24 3.43
1169 1085.16 1759.20 0.14 82.33 3.14
1170 1795.61 1758.89 0.49 87.23 2.33
1171 1819.85 1767.09 0.37 61.54 5.14
1172 1044.12 1762.28 0.39 27.19 2.19
1173 553.80 1770.67 0.11 -34.18 4.85
1174 938.97 1778.65 0.19 86.09 9.36
1175 169.37 1773.55 0.15 6.42 5.26
1176 1148.36 1776.87 0.79 -87.80 1.87
1177 389.16 1776.37 0.46 -56.99 1.60
1178 1258.45 1778.90 0.33 27.61 2.71
1179 1282.10 1778.14 0.20 -45.62 1.60
1180 459.87 1785.34 0.34 -62.91 3.14
1181 1681.30 1783.95 0.34 -55.05 3.04
1182 1527.37 1794.11 0.23 61.83 10.93
1183 835.90 1785.08 0.37 -81.37 2.03
1184 1154.62 1785.32 0.47 -75.62 1.69
1185 1609.76 1798.41 0.24 62.53 10.76
1186 1325.06 1787.84 0.48 25.18 2.26
1187 1959.33 1789.50 0.29 24.71 2.93
1188 1148.72 1792.08 0.72 76.22 1.60
1189 340.61 1795.26 0.55 20.29 2.76
1190 948.88 1795.83 0.09 75.45 3.04
1191 572.03 1796.84 0.30 -34.02 3.43
1192 1376.84 1803.87 0.29 67.41 5.11
1193 1149.17 1802.37 0.66 86.09 2.52
1194 104.59 1808.43 0.28 -85.20 4.26
1195 1016.88 1807.47 0.07 -65.70 3.91
1196 1154.70 1805.71 0.75 74.97 1.78
1197 1504.26 1807.61 0.33 41.78 2.59
1198 989.24 1812.33 0.19 -87.72 5.05
1199 1190.34 1815.66 0.12 2.29 6.28
1200 1540.79 1816.53 0.33 60.86 5.59
1201 1819.36 1815.12 0.78 50.84 1.60
1202 1148.99 1816.07 0.41 -84.13 1.87
1203 1354.83 1822.44 0.80 45.31 2.71
1204 632.31 1824.42 0.18 71.13 3.57
1205 1150.71 1821.27 0.62 -20.80 1.78
1206 1462.92 1826.42 0.23 66.90 5.56
1207 586.62 1822.86 0.58 -82.04 1.87
1208 1851.73 1826.85 0.44 38.61 6.13
1209 2002.63 1823.28 0.09 -21.83 2.19
1210 850.25 1824.80 0.68 -74.34 1.69
1211 17.10 1831.68 0.29 -24.43 5.32
1212 854.51 1830.58 0.27 8.28 2.46
1213 972.28 1834.89 0.43 -63.30 4.98
1214 1311.08 1829.99 0.19 -13.87 1.87
1215 1782.60 1835.19 0.27 60.59 3.34
1216 1528.12 1836.98 0.04 86.24 4.11
1217 1211.55 1845.02 0.18 -74.88 7.00
1218 1259.46 1848.98 0.23 73.89 9.82
1219 1590.55 1845.31 0.27 58.90 7.20
1220 373.97 1847.01 0.02 -81.64 5.08
1221 534.17 1850.44 0.17 -65.90 4.92
1222 1507.70 1850.47 0.46 56.21 2.39
1223 1621.11 1868.05 0.16 45.79 22.60
1224 1722.24 1853.64 0.33 60.47 6.48
1225 1962.78 1855.88 0.19 66.48 4.33
1226 1708.85 1860.70 0.29 63.98 4.44
1227 1165.19 1860.02 0.48 62.98 3.09
1228 150.96 1862.25 0.21 -42.70 4.44
1229 565.49 1867.41 0.24 -64.35 5.41
1230 1086.66 1867.97 0.29 84.13 5.08
1231 644.38 1871.12 0.48 -24.98 9.13
1232 1263.05 1867.55 0.25 85.65 3.09
1233 1903.50 1872.52 0.68 45.78 1.60
1234 796.24 1874.46 0.40 89.21 2.33
1235 895.17 1882.57 0.26 -85.86 6.98
1236 1434.76 1874.87 0.32 -7.32 1.69
1237 1117.13 1877.15 0.21 -45.99 1.60
1238 1473.14 1882.14 0.23 -45.25 1.60
1239 1591.55 1887.31 0.36 -65.75 3.29
1240 1705.29 1886.59 0.35 -51.92 2.26
1241 21.40 1897.61 0.33 -35.31 9.61
1242 1020.75 1889.16 0.41 84.88 2.59
1243 565.06 1890.58 0.25 24.10 2.65
1244 1600.53 1895.49 0.32 54.72 4.72
1245 1428.37 1895.50 0.11 72.61 3.70
1246 1698.95 1905.46 0.32 49.90 11.78
1247 1270.04 1902.80 0.28 75.93 7.27
1248 1203.42 1900.72 0.13 5.86 4.79
1249 472.47 1900.71 0.03 -41.72 3.52
1250 322.75 1924.62 0.24 -50.11 24.15
1251 1245.66 1904.65 0.21 54.13 3.34
1252 1251.56 1901.88 0.48 26.47 1.69
1253 614.35 1906.29 0.14 74.37 3.99
1254 666.86 1905.71 0.14 -53.92 3.57
1255 959.59 1904.10 0.29 14.52 3.29
1256 54.68 1906.01 0.29 -12.07 3.24
1257 1489.35 1911.50 0.17 -17.14 3.09
1258 1532.40 1919.89 0.30 68.51 7.51
1259 265.62 1913.29 0.56 -25.53 1.87
1260 432.33 1919.02 0.04 -81.14 4.65
1261 182.13 1916.73 0.31 -49.36 2.93
1262 1964.81 1930.54 0.28 54.36 12.02
1263 1450.93 1927.47 0.19 68.54 3.83
1264 599.39 1925.60 0.17 -47.37 2.03
1265 1476.52 1934.32 0.42 49.55 7.84
1266 1722.39 1926.94 0.15 2.38 2.19
1267 1933.70 1928.92 0.09 -2.07 4.44
1268 446.64 1932.28 0.11 -48.66 3.99
1269 1576.05 1938.56 0.32 62.71 6.65
1270 1685.13 1933.75 0.24 11.08 3.24
1271 292.52 1932.87 0.48 27.38 1.69
1272 1950.75 1933.64 0.17 78.44 1.69
1273 1028.12 1935.64 0.29 -58.29 3.24
1274 205.85 1937.82 0.49 69.76 2.93
1275 10.21 1939.98 0.74 67.75 1.69
1276 147.45 1942.48 0.33 -39.83 3.43
1277 1096.45 1950.93 0.13 67.70 5.01
1278 342.59 1959.36 0.33 -55.05 9.17
1279 974.64 1956.69 0.29 -88.36 7.55
1280 1247.29 1961.83 0.34 76.31 6.31
1281 1112.30 1956.55 0.57 -20.74 2.88
1282 1418.97 1959.94 0.17 50.21 3.74
1283 198.14 1960.53 0.58 -82.25 1.60
1284 640.39 1961.26 0.23 9.35 2.82
1285 478.04 1963.42 0.20 -83.52 2.88
1286 1809.84 1962.89 0.22 -43.53 1.60
1287 1964.00 1962.93 0.25 -89.19 1.60
1288 1094.56 1964.26 0.27 -38.55 2.03
1289 1295.51 1975.10 0.41 -63.81 8.83
1290 196.62 1968.27 0.17 -52.07 3.34
1291 603.62 1971.69 0.10 -61.19 4.37
1292 657.99 1970.62 0.16 -79.83 3.83
1293 1575.49 1969.51 0.10 52.34 3.29
1294 488.33 1975.32 0.26 -49.37 5.01
1295 1349.43 1973.25 0.23 69.60 2.39
1296 37.75 1981.17 0.34 -32.42 8.50
1297 190.03 1975.46 0.48 -73.53 2.59
1298 688.52 1974.27 0.23 -19.27 2.82
1299 770.22 1988.35 0.28 -77.60 9.25
1300 1759.61 1980.50 0.15 -63.87 4.18
1301 1881.82 1980.09 0.30 77.26 3.19
1302 1478.56 1980.97 0.10 -66.78 3.99
1303 488.84 1985.79 0.15 77.94 3.34
1304 1193.49 1985.55 0.25 71.52 2.99
1305 1664.24 1985.62 0.11 62.47 1.69
1306 1846.89 1986.37 0.50 -71.10 1.69
1307 1355.25 1990.77 0.34 78.46 4.44
1308 1908.31 1992.78 0.30 47.07 5.94
1309 510.57 1995.86 0.28 -54.79 6.15
1310 199.88 1994.57 0.26 -69.12 3.29
1311 748.78 2009.56 0.28 -75.88 11.31
1312 1274.21 1997.49 0.35 -25.55 2.52
1313 273.05 1997.79 0.37 -9.40 2.76
1314 923.67 2003.32 0.13 -72.70 6.08
1315 289.90 2000.56 0.42 -34.92 2.71
1316 1391.79 2000.86 0.46 57.47 2.82
1317 12.12 2000.89 0.23 44.41 1.60
1318 8.20 2007.02 0.33 -26.17 1.60
1319 319.17 2008.71 0.08 -25.30 2.52
1320 457.89 2014.63 0.15 31.77 5.64
1321 563.69 2012.33 0.09 61.19 3.52
1322 1119.24 2021.82 0.34 86.47 5.92
1323 202.61 2017.20 0.10 -17.58 2.19
1324 936.65 2018.46 0.21 -60.97 2.46
1325 1004.71 2020.34 0.11 27.90 3.83
1326 1428.30 2024.79 0.22 74.71 2.26
1327 889.74 2024.75 0.66 -18.36 1.60
1328 1392.34 2042.03 0.26 67.93 4.65
1329 978.91 2039.78 0.65 -4.03 2.03
1330 1403.02 2043.98 0.01 47.43 1.69
1331 1752.08 2052.69 0.52 53.95 1.78
1332 1879.71 2052.40 0.36 28.27 2.46
1333 1196.53 2054.27 0.38 -14.47 1.87
1334 990.18 13.71 0.95 0.27 23.98
1335 126.51 74.21 0.70 -12.52 25.82
1336 29.56 412.87 0.99 -87.75 22.39
1337 15.50 769.94 0.99 -87.71 19.57
1338 4.44 1142.12 0.99 -89.37 23.26
1339 1911.93 764.65 0.70 73.42 40.59
1340 4.85 1529.41 0.96 89.23 21.35
1341 6.32 1858.13 0.90 87.43 21.76
1342 1151.19 1933.35 0.60 85.02 32.58
1343 1141.59 1940.13 0.38 17.64 18.82
1344 336.86 2027.97 0.99 2.25 22.06
1345 800.41 2045.33 0.98 1.83 20.78
1346 1313.80 2055.41 0.89 1.04 22.15
1347 1069.54 2055.30 0.96 1.80 17.01
1348 1843.94 2004.11 0.44 -39.82 28.22
1349 1364.71 68.21 0.18 -77.06 1.60
1350 1365.81 71.78 0.38 -63.26 1.87
1351 1194.36 85.28 0.18 -79.91 4.98
1352 1198.97 92.18 0.34 -51.17 4.69
1353 1039.07 111.76 0.09 -89.60 20.27
1354 1048.63 139.76 0.08 -85.72 7.23
1355 1359.45 209.13 0.78 -89.93 18.46
1356 1352.37 251.58 0.68 84.80 33.89
1357 1366.50 244.36 0.18 -26.74 24.38
1358 1347.60 280.88 0.31 67.91 11.63
1359 1358.99 433.23 0.48 -89.04 13.81
1360 736.18 129.20 0.39 66.73 4.75
1361 728.82 130.96 0.46 22.67 3.24
1362 1539.92 170.51 0.27 -43.47 2.39
1363 1536.25 176.22 0.24 -76.68 2.52
1364 745.39 238.93 0.11 74.03 6.79
1365 749.28 250.18 0.10 66.13 3.70
1366 1330.63 311.28 0.16 -41.24 4.69
1367 1332.41 318.47 0.05 -86.84 4.65
1368 647.59 316.97 0.11 66.72 2.99
1369 649.46 324.42 0.45 64.81 2.82
1370 1409.96 341.05 0.44 -84.87 6.36
1371 1418.32 337.97 0.06 -39.97 3.34
1372 1257.12 376.93 0.05 -84.73 7.05
1373 1273.32 377.80 0.23 17.26 7.78
1374 750.58 521.91 0.38 -54.24 3.99
1375 746.89 530.74 0.33 62.04 5.26
1376 270.75 564.59 0.21 32.68 8.78
1377 282.81 573.25 0.36 44.49 3.78
1378 1470.52 589.96 0.12 -77.31 4.98
1379 1479.71 589.68 0.11 79.05 3.19
1380 439.14 612.31 0.29 25.10 8.74
1381 431.91 620.24 0.13 -12.52 6.15
1382 1743.67 628.37 0.15 -29.50 10.73
1383 1750.64 635.58 0.46 -58.28 4.15
1384 333.91 788.23 0.06 38.41 2.99
1385 324.46 795.97 0.14 25.02 6.96
1386 1116.02 829.73 0.07 61.81 7.29
1387 1119.29 844.81 0.19 60.72 4.69
1388 1588.67 858.85 0.54 79.94 1.78
1389 1588.81 865.98 0.26 -68.26 4.07
1390 753.53 876.46 0.10 -86.10 5.14
1391 748.88 887.20 0.22 -87.50 4.72
1392 743.22 895.75 0.09 59.74 5.89
1393 1508.85 910.73 0.06 -76.09 6.18
1394 1516.28 921.50 0.06 -78.03 4.82
1395 1774.66 998.45 0.26 -51.07 3.48
1396 1770.38 1009.20 0.07 -32.91 6.48
1397 1206.34 1012.68 0.01 88.57 7.78
1398 1217.51 1031.46 0.06 -19.73 13.48
1399 1222.78 1048.74 0.11 70.97 8.10
1400 1215.62 1050.47 0.12 64.84 8.52
1401 416.62 1065.20 0.46 -72.52 2.11
1402 415.31 1071.04 0.70 -43.71 2.26
1403 672.10 1085.54 0.09 74.16 5.14
1404 680.69 1087.85 0.40 -66.14 7.69
1405 355.82 1085.40 0.11 8.76 7.20
1406 357.29 1098.14 0.06 -29.37 8.56
1407 1178.51 1097.34 0.08 79.24 4.30
1408 1180.99 1103.69 0.23 -5.88 3.66
1409 665.41 1158.37 0.02 62.05 7.82
1410 656.35 1156.80 0.21 -79.07 3.78
1411 2015.63 1195.07 0.27 12.31 3.87
1412 2018.94 1199.78 0.44 -87.68 2.26
1413 99.50 1211.97 0.20 -14.69 6.93
1414 108.38 1221.84 0.43 13.67 4.11
1415 1866.41 1218.33 0.14 16.18 5.64
1416 1872.67 1226.37 0.09 33.70 5.64
1417 1188.52 1231.95 0.04 31.69 6.18
1418 1190.85 1242.93 0.05 -43.02 7.42
1419 1616.60 1232.31 0.17 57.01 2.71
1420 1619.85 1237.28 0.12 55.51 3.48
1421 914.97 1253.58 0.01 -59.82 12.03
1422 889.24 1260.83 0.24 -75.42 12.79
1423 1461.55 1290.09 0.05 -57.44 10.00
1424 1468.99 1301.90 0.02 10.01 6.13
1425 841.73 1300.93 0.30 88.84 3.19
1426 840.33 1308.29 0.26 78.68 3.99
1427 83.75 1327.80 0.35 -17.55 5.73
1428 87.95 1334.68 0.62 -12.80 10.00
1429 964.22 1404.42 0.07 81.90 7.42
1430 968.72 1412.89 0.82 -44.29 1.60
1431 704.41 1452.51 0.09 -48.57 3.48
1432 703.64 1460.49 0.36 -5.99 7.25
1433 179.83 1473.66 0.35 78.51 2.65
1434 177.40 1477.35 0.41 -36.65 1.78
1435 863.15 1492.35 0.08 80.37 7.98
1436 853.54 1491.64 0.24 83.45 3.99
1437 75.43 1540.24 0.28 -37.93 5.23
1438 82.35 1545.52 0.35 -25.64 7.53
1439 736.12 1562.15 0.14 43.10 3.66
1440 756.52 1571.13 0.35 27.43 8.37
1441 406.99 1588.42 0.19 -45.60 7.33
1442 401.49 1599.00 0.07 -31.62 5.94
1443 1329.29 1594.65 0.30 37.66 6.33
1444 1338.51 1606.29 0.12 81.26 5.70
1445 1501.15 1607.64 0.20 52.68 4.62
1446 1494.22 1611.19 0.20 41.41 3.99
1447 1844.02 1713.20 0.04 60.39 4.44
1448 1851.73 1717.07 0.40 73.23 2.26
1449 1038.22 1793.45 0.23 88.52 4.69
1450 1044.13 1808.60 0.18 82.36 10.42
1451 215.71 1813.69 0.31 -42.58 9.74
1452 228.67 1808.59 0.20 -36.63 5.26
1453 356.79 1808.24 0.17 -28.94 2.39
1454 355.13 1815.58 0.23 -23.01 4.92
1455 693.23 1813.27 0.34 25.14 2.03
1456 686.94 1820.70 0.34 87.57 3.99
1457 694.55 1819.67 0.66 -50.80 3.24
1458 468.84 1819.24 0.22 -27.23 4.89
1459 454.78 1831.44 0.26 -53.57 10.05
1460 1611.75 1823.94 0.14 -58.78 8.72
1461 1609.15 1837.34 0.27 9.71 2.82
1462 445.29 1880.02 0.11 -67.97 5.05
1463 452.02 1885.37 0.20 -68.86 4.79
1464 387.87 1910.17 0.51 55.23 8.54
1465 380.06 1913.87 0.18 -83.70 5.89
1466 896.40 1936.99 0.15 -75.30 5.01
1467 903.14 1937.73 0.23 -55.43 2.88
1468 1512.46 1982.94 0.28 35.98 8.33
1469 1521.15 1980.67 0.40 73.16 5.86
1470 1453.55 1983.65 0.32 58.23 6.84
1471 1450.80 1990.13 0.30 46.77 6.46
1472 1743.92 1984.49 0.37 60.92 8.06
1473 1734.99 1983.91 0.27 60.87 4.37
1474 1500.97 2012.77 0.13 47.95 7.90
1475 1512.82 2017.66 0.23 75.21 6.46
1476 1086.06 2027.25 0.28 85.47 10.56
1477 1070.84 2035.20 0.36 77.79 7.27
1478 1189.74 2026.63 0.11 64.03 10.40
1479 1204.16 2035.33 0.31 75.56 4.79