NUMBER xcentroid ycentroid ellipticity orientation equivalent_radius flag 0 redshift med_flux
4 1056.56 28.18 0.27 77.16 2.39 2 0 0.247 0.0026111823972314596
58 1184.39 109.71 0.14 -24.0 4.98 1 0 0.252 0.03444050997495651
90 223.74 153.61 0.27 48.47 3.95 2 0 0.232 0.03532594442367554
106 77.53 186.27 0.31 -31.44 1.78 1 0 0.227 -0.006879236549139023
108 620.24 193.24 0.41 -81.04 3.43 2 0 0.242 0.008852519094944
159 74.1 259.56 0.48 -63.68 1.69 2 0 0.228 -0.0012083747424185276
191 1600.66 320.57 0.29 -23.15 3.34 2 0 0.254 0.018798092380166054
196 1087.18 333.45 0.58 46.7 6.89 1 0 0.25 0.06170310080051422
216 874.75 361.5 0.17 -72.78 4.15 1 0 0.231 0.013594608753919601
226 70.07 375.57 0.42 38.78 4.69 1 0 0.225 0.009951272048056126
234 468.84 384.66 0.28 -71.45 1.69 1 0 0.238 -0.004735229536890984
259 411.39 420.04 0.66 -40.96 3.48 1 0 0.226 0.006295250728726387
268 1025.71 433.38 0.67 -85.24 2.03 2 0 0.245 0.005196962971240282
321 1096.42 511.05 0.17 -50.27 2.99 1 0 0.225 0.02094161882996559
342 1576.46 552.01 0.12 -16.61 4.07 1 0 0.216 0.026362843811511993
363 1161.9 578.55 0.12 85.58 5.38 1 0 0.25 0.06388793140649796
381 749.05 607.75 0.19 -86.34 2.99 1 0 0.25 0.009580979123711586
401 1021.7 630.19 0.1 -10.22 1.95 2 0 0.251 0.0010214104549959302
403 947.71 635.18 0.32 -66.66 2.88 2 0 0.25 0.007927477359771729
414 1958.58 649.97 0.14 -7.75 7.57 1 0 0.226 0.21405568718910217
423 168.98 656.6 0.16 77.97 4.33 1 0 0.23 0.018651247024536133
427 1252.75 659.82 0.37 -66.43 3.95 1 0 0.249 0.03062812052667141
450 456.36 688.92 0.57 37.08 5.26 1 0 0.229 0.0368901826441288
452 1359.23 693.36 0.1 -43.03 3.87 1 0 0.238 0.03006206825375557
514 921.21 762.18 0.28 -84.62 5.47 1 0 0.25 0.021252665668725967
517 1654.71 759.72 0.42 57.48 2.39 1 0 0.248 0.007104223128408194
545 1238.34 786.73 0.13 2.91 2.59 1 0 0.222 0.017782628536224365
613 1390.98 876.47 0.56 -56.22 3.09 1 0 0.225 0.009757297113537788
655 1256.4 923.32 0.25 -85.66 4.37 2 0 0.242 0.02046920545399189
670 256.83 943.01 0.16 36.75 2.59 1 0 0.225 0.016593627631664276
673 369.86 949.52 0.05 -58.3 4.11 1 0 0.223 0.03564924746751785
679 1340.69 958.45 0.45 27.41 3.7 1 0 0.22 0.020060893148183823
686 1303.57 962.22 0.32 73.68 1.95 1 0 0.22 0.004031735472381115
690 798.31 963.86 0.53 6.7 2.82 1 0 0.225 0.006428204942494631
764 1523.0 1043.32 0.37 -53.95 1.69 2 0 0.251 -0.0004236488020978868
778 1563.49 1063.79 0.04 -11.7 2.11 2 0 0.251 0.012211732566356659
781 1274.44 1073.07 0.26 -37.73 5.94 1 0 0.221 0.06606003642082214
812 770.73 1091.41 0.22 -26.86 2.11 1 0 0.246 0.001980322413146496
816 354.62 1097.0 0.35 -71.57 3.43 2 0 0.256 0.021575817838311195
842 1909.1 1126.07 0.29 68.06 2.46 1 0 0.22 0.005940252915024757
870 419.72 1152.67 0.4 77.23 3.61 1 0 0.221 0.017774803563952446
891 1686.62 1165.65 0.4 15.52 2.46 2 0 0.249 0.003652399405837059
941 1487.17 1227.09 0.34 31.44 3.19 1 0 0.227 0.01609661988914013
1012 1961.67 1304.71 0.28 -88.92 1.95 2 0 0.25 0.0078003378584980965
1022 589.53 1323.34 0.58 11.33 9.29 1 0 0.218 0.2527555823326111
1052 1375.01 1351.22 0.08 -25.71 6.6 1 0 0.223 0.06863697618246078
1066 1027.2 1361.1 0.09 61.18 4.72 1 0 0.228 0.02064264565706253
1073 1143.22 1365.2 0.47 -56.25 2.93 2 0 0.253 0.0021010772325098515
1112 1448.59 1401.59 0.16 51.12 2.03 1 0 0.255 0.005049139726907015
1121 974.65 1409.1 0.76 -8.83 2.39 1 0 0.229 0.010733448900282383
1149 1122.76 1441.19 0.3 -24.0 4.44 2 0 0.232 0.0209105983376503
1165 1767.42 1455.62 0.26 39.51 4.03 1 0 0.243 0.013797610998153687
1177 1890.3 1464.14 0.59 59.52 1.87 2 0 0.252 0.004259554203599691
1194 1055.92 1480.92 0.08 -11.6 3.04 1 0 0.242 0.02908109873533249
1246 1501.64 1545.07 0.24 62.14 4.75 1 0 0.242 0.04105794057250023
1262 388.36 1556.99 0.54 -24.84 4.44 1 0 0.239 0.02624865435063839
1280 977.3 1570.26 0.28 -50.74 2.59 2 0 0.249 0.018385931849479675
1301 1375.61 1596.58 0.09 7.3 7.25 1 0 0.239 0.0711601972579956
1303 1397.3 1595.2 0.14 87.46 3.7 1 0 0.249 0.027798643335700035
1312 1370.72 1608.84 0.51 36.48 1.6 1 0 0.238 0.0053023467771708965
1317 1099.59 1622.01 0.46 -42.43 6.26 1 0 0.246 0.04727064073085785
1322 1519.89 1621.27 0.52 10.18 1.87 1 0 0.232 0.007816554978489876
1361 321.02 1668.94 0.39 -58.39 1.6 1 0 0.22 0.004266564734280109
1369 1457.42 1680.66 0.17 -81.57 7.09 1 0 0.228 0.11120721697807312
1383 590.88 1700.11 0.25 75.41 13.58 1 0 0.217 0.10217949748039246
1391 919.77 1695.86 0.07 36.36 4.92 1 0 0.241 0.05954011529684067
1395 912.73 1706.71 0.5 62.96 5.75 1 0 0.24 0.023481950163841248
1411 900.2 1724.34 0.29 88.07 3.83 1 0 0.24 0.03242328390479088
1423 1275.98 1742.7 0.36 80.56 4.18 1 0 0.241 0.01766788773238659
1436 934.54 1766.75 0.57 -58.36 7.38 1 0 0.217 0.09028950333595276
1455 793.22 1782.97 0.1 -69.96 4.82 1 0 0.255 0.08698432147502899
1469 1508.78 1801.15 0.57 -80.9 5.56 1 0 0.227 0.024042919278144836
1474 1779.38 1808.08 0.35 88.39 6.77 1 0 0.235 0.051735661923885345
1475 1676.56 1803.26 0.11 -54.87 2.59 1 0 0.242 0.004678050056099892
1496 1486.44 1840.05 0.16 31.92 4.07 1 0 0.227 0.01242979709059
1517 1409.82 1878.14 0.27 32.21 4.26 1 0 0.221 0.018726326525211334
1526 1019.26 1893.74 0.38 -66.83 5.35 1 0 0.238 0.04716651514172554
1530 1445.89 1894.94 0.11 -85.82 2.59 1 0 0.227 0.013101604767143726
1531 1041.95 1896.01 0.44 42.3 3.43 1 0 0.242 0.017160851508378983
1556 1343.87 1955.34 0.38 55.96 4.44 1 0 0.252 0.04206790775060654
1562 731.56 1961.6 0.32 35.07 4.15 1 0 0.247 0.016103647649288177
1588 1862.81 2006.59 0.46 34.82 8.61 1 0 0.235 0.07016192376613617
1596 424.61 2004.36 0.12 -45.21 2.03 1 0 0.236 0.0006142889615148306
1601 1024.65 2008.52 0.57 39.28 1.6 2 0 0.254 -0.004918257240206003
1653 397.84 444.34 0.27 55.38 7.25 1 0 0.226 0.09738754481077194
1657 441.47 490.24 0.31 68.33 5.14 1 0 0.226 0.08127740770578384
1658 433.3 491.86 0.31 25.6 7.44 1 0 0.226 0.12470374256372452
1751 1211.98 1285.95 0.42 30.47 8.57 1 0 0.246 0.1611303687095642
1757 976.99 1315.99 0.29 42.76 17.91 1 0 0.231 0.25281617045402527
1785 1108.7 1444.42 0.13 -75.26 5.61 1 0 0.232 0.06395240873098373
1791 459.98 1464.4 0.23 -32.73 5.17 1 0 0.217 0.059806838631629944
1795 1575.2 1480.36 0.25 -64.92 4.92 2 0 0.244 0.02774772234261036
1796 1580.01 1487.58 0.17 66.83 2.76 1 0 0.244 -0.0016234481008723378
1806 1317.62 1535.13 0.1 -83.76 6.13 1 0 0.241 0.022543586790561676
1833 518.01 1774.21 0.24 55.76 4.89 1 0 0.238 0.01752849854528904
1834 510.47 1780.05 0.24 -27.27 6.56 1 0 0.224 0.10177791118621826
1838 1372.28 1786.24 0.56 -3.74 4.98 1 0 0.223 0.03810355067253113
1842 1340.45 1859.07 0.24 -17.83 7.69 1 0 0.24 0.034497540444135666
1844 1963.25 1923.49 0.42 34.67 6.13 1 0 0.235 0.07023990154266357
1845 1532.16 1953.04 0.4 48.72 5.14 1 0 0.222 0.030632035806775093
1846 1530.44 1962.8 0.15 53.89 5.64 1 0 0.222 0.026112210005521774
