NUMBER xcentroid ycentroid ellipticity orientation equivalent_radius
1 193.08 27.30 0.32 40.89 6.00
2 788.16 24.88 0.19 60.98 3.66
3 801.98 25.36 0.35 58.40 3.14
4 1056.56 28.18 0.27 77.16 2.39
5 160.24 30.02 0.46 73.70 2.59
6 1068.45 30.12 0.15 -53.29 3.04
7 1280.63 30.59 0.15 -63.19 4.11
8 57.62 32.10 0.31 -74.17 1.95
9 113.98 35.62 0.48 36.84 2.93
10 492.91 40.57 0.34 55.49 5.67
11 1370.42 37.62 0.16 -32.10 2.33
12 392.27 38.01 0.43 13.71 1.95
13 1393.44 44.19 0.37 -56.00 4.72
14 1508.31 44.32 0.34 -56.60 3.95
15 1373.79 50.37 0.28 -83.22 3.19
16 1259.74 52.04 0.42 -86.37 3.66
17 1628.41 55.34 0.28 -58.26 7.05
18 1663.87 50.43 0.42 69.29 1.69
19 84.26 53.50 0.48 -24.96 2.99
20 436.23 52.03 0.57 9.42 2.11
21 1132.32 59.46 0.32 -76.41 5.23
22 1486.33 58.01 0.43 82.41 2.71
23 1813.64 60.17 0.40 -48.87 1.78
24 1435.96 71.47 0.11 -62.12 9.11
25 1859.64 68.67 0.42 -84.47 4.22
26 598.01 66.17 0.09 -82.46 3.43
27 127.38 75.22 0.51 29.59 5.38
28 955.62 72.56 0.23 78.09 2.82
29 1416.99 80.95 0.48 82.61 8.29
30 53.08 73.14 0.22 -44.16 1.60
31 542.80 74.60 0.55 32.98 2.03
32 808.40 75.20 0.32 22.73 3.14
33 1966.95 73.80 0.48 -14.64 1.78
34 1906.62 77.90 0.46 -45.24 3.48
35 628.92 82.56 0.20 -2.68 6.26
36 55.60 80.76 0.76 -37.20 2.03
37 1267.66 84.21 0.29 -66.13 4.65
38 1651.72 85.23 0.05 60.98 3.83
39 1396.79 87.97 0.20 -57.11 3.09
40 1595.05 87.15 0.34 74.97 2.46
41 264.33 90.17 0.44 60.41 3.24
42 375.64 91.20 0.35 48.96 4.75
43 781.38 89.35 0.38 -20.67 2.46
44 802.65 89.70 0.24 -41.60 1.78
45 578.66 90.50 0.37 36.64 2.39
46 880.03 100.63 0.18 81.53 8.65
47 1971.78 94.45 0.12 -0.07 2.03
48 1647.49 97.09 0.54 -82.12 2.39
49 1552.31 104.96 0.25 -66.24 10.54
50 2013.34 96.10 0.73 -84.24 1.69
51 1872.54 100.00 0.27 -77.61 2.88
52 66.57 99.02 0.45 -63.27 1.69
53 83.87 99.20 0.26 45.34 2.76
54 1089.25 99.57 0.50 -23.17 2.46
55 809.50 107.06 0.30 -46.43 4.98
56 861.44 105.80 0.14 35.77 2.93
57 1199.81 104.99 0.17 -7.77 1.87
58 1184.39 109.71 0.14 -24.00 4.98
59 1964.69 110.45 0.56 51.47 2.52
60 153.06 116.44 0.27 29.09 7.98
61 121.41 112.14 0.39 -21.52 1.69
62 618.90 113.17 0.40 74.79 2.19
63 1931.54 116.07 0.36 -32.35 5.29
64 419.66 115.47 0.35 43.89 4.22
65 102.38 115.59 0.31 77.74 2.76
66 1127.00 116.60 0.30 -40.69 2.71
67 411.83 118.97 0.32 30.17 4.33
68 670.13 119.27 0.49 12.44 4.07
69 1448.04 122.82 0.17 -49.95 2.19
70 878.48 125.96 0.06 -49.60 3.24
71 220.86 125.49 0.20 26.95 1.95
72 420.25 129.94 0.58 68.16 1.87
73 53.32 131.01 0.23 65.82 2.26
74 292.58 135.43 0.32 48.06 7.40
75 1749.81 130.08 0.36 -60.28 1.69
76 595.36 132.50 0.31 52.21 2.03
77 707.71 139.88 0.34 67.56 5.59
78 2006.67 135.74 0.44 -18.37 1.60
79 1056.08 137.78 0.35 -71.98 1.95
80 1043.84 139.82 0.17 72.21 2.88
81 443.72 141.31 0.43 31.57 1.87
82 1281.30 139.62 0.40 -1.73 1.60
83 1298.29 140.93 0.18 -33.66 2.82
84 1714.18 142.01 0.35 -79.86 3.24
85 531.67 147.49 0.04 -85.19 6.75
86 1093.81 145.55 0.28 -23.12 4.03
87 1275.20 148.00 0.22 -72.19 6.21
88 1288.43 146.24 0.31 -52.63 2.88
89 1772.25 146.37 0.39 -2.15 2.52
90 223.74 153.61 0.27 48.47 3.95
91 996.43 157.37 0.76 -52.01 1.60
92 1156.48 158.12 0.62 -36.70 1.95
93 1092.54 158.47 0.52 33.48 2.39
94 1288.19 168.77 0.17 -77.08 8.46
95 1803.16 161.03 0.20 1.95 1.78
96 1143.15 162.83 0.39 79.27 2.11
97 1364.60 165.87 0.16 -62.31 5.17
98 1817.42 167.32 0.50 -80.68 1.78
99 775.21 174.10 0.24 78.26 2.03
100 658.97 177.38 0.21 30.16 2.26
101 1481.42 178.67 0.41 12.37 1.78
102 1089.96 184.36 0.47 -76.02 2.52
103 1215.90 182.92 0.30 82.49 1.69
104 1286.79 184.65 0.28 -71.15 3.39
105 701.83 185.85 0.67 -87.49 1.87
106 77.53 186.27 0.31 -31.44 1.78
107 818.70 189.22 0.14 -78.83 3.04
108 620.24 193.24 0.41 -81.04 3.43
109 1091.47 194.07 0.09 -25.80 1.69
110 1644.40 195.98 0.26 71.10 2.39
111 1086.64 196.28 0.19 -7.84 1.69
112 428.40 200.78 0.47 52.02 3.24
113 1749.79 201.02 0.27 -47.01 5.92
114 1094.05 206.98 0.07 63.77 4.18
115 133.02 204.86 0.29 -38.20 1.78
116 1168.01 207.45 0.15 53.40 3.09
117 1723.16 211.74 0.27 -54.84 7.27
118 405.71 207.87 0.12 56.52 2.71
119 1683.27 207.51 0.15 -0.36 2.39
120 1235.50 209.76 0.28 71.81 2.39
121 1276.29 208.68 0.50 7.13 2.76
122 985.09 211.86 0.40 -68.68 1.69
123 1540.52 213.69 0.34 -77.57 2.99
124 173.30 212.88 0.24 26.83 2.39
125 1443.25 220.44 0.26 -66.47 5.38
126 1806.74 216.10 0.52 -86.34 1.60
127 706.81 216.87 0.25 22.61 2.46
128 1968.11 219.04 0.29 -40.57 3.09
129 1181.42 220.32 0.19 85.75 3.87
130 761.60 222.86 0.15 73.21 4.15
131 808.14 219.88 0.26 -77.06 1.69
132 999.63 219.42 0.31 40.75 1.69
133 690.04 222.36 0.52 -44.42 1.60
134 1689.01 222.38 0.16 -1.38 2.39
135 718.93 224.57 0.40 -82.88 1.95
136 768.02 224.96 0.04 -39.56 1.69
137 2022.77 231.13 0.24 -39.55 6.86
138 94.26 229.30 0.16 15.04 2.76
139 507.04 229.67 0.58 14.29 3.87
140 187.63 233.61 0.40 44.50 6.28
141 854.77 230.47 0.34 -61.24 1.95
142 1770.48 235.87 0.37 -35.74 2.88
143 1809.95 239.73 0.31 -38.28 3.66
144 882.22 243.72 0.10 -78.12 5.08
145 1931.13 242.11 0.20 -60.96 2.82
146 991.84 247.90 0.07 -84.14 8.00
147 1865.51 243.51 0.06 -61.56 2.39
148 206.82 244.14 0.35 44.30 1.95
149 1636.11 246.55 0.13 65.58 3.09
150 700.24 253.47 0.09 79.97 7.16
151 214.80 250.31 0.16 56.68 2.52
152 1725.40 252.10 0.42 -45.66 3.52
153 971.93 251.80 0.24 79.11 2.71
154 1868.02 255.39 0.25 -88.87 4.98
155 1047.20 255.84 0.56 -59.25 1.60
156 835.54 259.75 0.22 89.47 3.48
157 979.49 257.04 0.24 -20.04 3.14
158 1229.35 258.47 0.31 33.92 3.04
159 74.10 259.56 0.48 -63.68 1.69
160 95.03 265.90 0.20 34.48 6.56
161 189.75 268.12 0.19 38.84 7.53
162 714.40 268.30 0.41 -52.81 2.76
163 812.38 268.27 0.37 -67.31 1.87
164 1100.91 267.76 0.28 -2.47 2.52
165 1116.14 271.59 0.14 -84.55 3.43
166 738.23 277.20 0.14 81.10 3.95
167 1773.80 281.62 0.28 -51.06 6.38
168 1917.18 278.65 0.17 77.97 2.76
169 797.18 281.51 0.55 5.26 2.46
170 172.79 286.43 0.24 -59.59 1.95
171 1445.19 288.38 0.44 -86.27 1.87
172 1142.56 289.98 0.13 -43.49 3.04
173 1273.36 292.17 0.12 75.87 3.61
174 448.05 305.34 0.22 48.26 10.25
175 601.00 294.04 0.06 -43.40 1.69
176 872.65 296.16 0.25 -62.34 2.59
177 1317.39 297.65 0.14 4.12 4.95
178 1209.89 300.56 0.19 86.27 2.99
179 530.56 309.70 0.17 55.45 9.74
180 1462.58 303.18 0.31 -33.32 2.71
181 1935.68 306.46 0.22 -47.78 4.15
182 1037.40 307.09 0.73 84.07 2.33
183 1224.33 305.71 0.15 30.97 2.52
184 1594.78 310.68 0.59 -85.91 2.03
185 1304.48 314.96 0.07 -40.31 6.70
186 295.60 314.38 0.28 45.20 5.29
187 1231.68 317.41 0.07 -59.44 7.55
188 1904.86 332.79 0.22 -41.28 16.83
189 1472.90 317.58 0.48 -52.69 2.19
190 424.93 319.74 0.38 21.57 3.14
191 1600.66 320.57 0.29 -23.15 3.34
192 105.16 323.31 0.46 20.72 5.38
193 461.61 327.96 0.23 49.64 5.20
194 1243.17 326.51 0.07 2.07 3.48
195 912.45 327.98 0.04 64.67 2.46
196 1087.18 333.45 0.58 46.70 6.89
197 1156.13 336.62 0.06 -70.98 8.21
198 1141.39 328.11 0.35 -51.35 1.78
199 768.56 335.33 0.42 37.20 5.61
200 200.98 333.78 0.62 60.96 2.11
201 870.54 332.43 0.61 -28.90 1.60
202 1041.28 336.73 0.82 89.87 3.14
203 383.38 337.59 0.27 52.26 5.23
204 1139.67 339.92 0.08 -70.27 3.91
205 1019.95 346.91 0.82 -82.76 2.76
206 700.40 344.16 0.19 18.74 2.88
207 1026.00 345.17 0.69 -83.86 2.26
208 448.22 347.69 0.17 69.10 3.70
209 127.22 354.18 0.16 28.91 7.02
210 176.02 358.30 0.35 35.02 10.30
211 1071.79 353.14 0.10 -68.25 3.91
212 1272.92 352.71 0.17 -51.26 1.95
213 1894.10 352.88 0.58 44.52 1.69
214 980.38 358.49 0.31 -47.86 4.89
215 1962.18 356.48 0.41 -39.74 4.33
216 874.75 361.50 0.17 -72.78 4.15
217 1019.39 361.04 0.71 87.21 1.60
218 1497.57 360.69 0.50 -67.74 2.19
219 428.36 360.94 0.31 22.89 2.33
220 641.94 364.01 0.14 59.44 5.29
221 78.24 366.79 0.55 39.12 3.91
222 1544.23 367.86 0.10 -58.53 2.93
223 628.15 370.67 0.07 -46.70 4.30
224 1026.02 369.95 0.31 -87.74 1.60
225 1530.04 372.16 0.16 -44.74 2.88
226 70.07 375.57 0.42 38.78 4.69
227 1197.04 376.17 0.24 76.65 3.34
228 1026.05 375.33 0.38 69.36 1.60
229 178.54 376.37 0.28 -2.11 2.39
230 1632.27 376.75 0.21 -19.51 2.26
231 215.74 379.55 0.21 61.60 1.95
232 354.42 384.29 0.28 83.90 2.39
233 1079.18 384.90 0.18 -57.92 3.52
234 468.84 384.66 0.28 -71.45 1.69
235 1938.22 390.26 0.22 -23.77 4.55
236 1659.94 388.18 0.12 22.92 1.95
237 1040.11 390.80 0.10 -81.94 3.09
238 1989.48 394.06 0.20 -37.49 5.78
239 1480.00 393.43 0.27 -64.17 2.46
240 511.73 396.82 0.66 83.10 2.26
241 1641.24 396.40 0.45 -3.55 1.78
242 396.13 397.25 0.48 4.24 1.60
243 930.23 400.12 0.16 -71.80 3.34
244 1136.03 400.31 0.32 -49.20 2.33
245 1018.11 402.10 0.68 72.30 1.78
246 521.05 405.62 0.18 58.77 4.07
247 1459.10 405.36 0.34 -61.62 4.07
248 348.79 405.34 0.15 23.46 3.61
249 618.32 414.91 0.27 47.80 10.56
250 119.01 409.12 0.39 19.49 5.70
251 1861.08 405.38 0.55 -4.23 1.87
252 187.75 412.44 0.37 32.30 7.57
253 1069.92 408.41 0.17 75.58 2.59
254 1326.54 408.44 0.21 -43.96 2.65
255 946.24 412.26 0.12 -68.56 4.55
256 1037.27 411.94 0.30 7.40 3.09
257 160.60 413.64 0.61 63.36 2.39
258 1208.93 417.23 0.16 -32.66 4.98
259 411.39 420.04 0.66 -40.96 3.48
260 1606.48 417.03 0.39 -47.60 1.60
261 1182.99 425.03 0.18 -72.12 6.26
262 875.47 434.40 0.06 -79.46 10.56
263 1725.60 424.13 0.23 -21.06 2.46
264 1339.51 424.11 0.17 -84.55 1.69
265 453.29 430.39 0.17 50.00 6.48
266 1430.57 433.21 0.41 80.90 5.67
267 845.57 433.21 0.03 30.38 4.30
268 1025.71 433.38 0.67 -85.24 2.03
269 938.37 433.69 0.17 -11.40 2.19
270 1483.02 436.42 0.28 41.01 2.19
271 371.44 437.73 0.23 39.81 3.14
272 1998.92 437.32 0.21 16.89 2.65
273 1659.30 440.69 0.18 -46.93 5.75
274 133.53 438.10 0.32 -54.52 1.60
275 603.60 441.07 0.29 29.71 2.93
276 1966.06 442.17 0.44 -0.32 3.19
277 1979.40 444.33 0.25 -6.30 5.05
278 1082.33 448.00 0.03 67.82 4.07
279 497.00 448.82 0.20 51.73 5.64
280 1509.89 450.18 0.26 -43.50 3.66
281 1490.37 450.40 0.13 -45.84 2.19
282 1387.70 459.26 0.28 -54.91 3.95
283 1617.16 465.30 0.13 -39.99 8.16
284 1285.38 463.04 0.36 -82.38 2.03
285 1661.37 463.89 0.47 80.77 1.60
286 1783.69 464.51 0.36 85.33 2.33
287 165.34 470.87 0.32 28.09 6.51
288 339.34 468.65 0.30 0.94 3.83
289 214.53 483.55 0.29 -67.43 7.88
290 495.36 478.04 0.30 84.79 3.09
291 959.45 480.98 0.06 -61.64 6.75
292 1614.61 477.36 0.56 -11.44 1.60
293 87.93 479.67 0.54 -62.69 2.26
294 268.40 481.05 0.39 54.19 2.71
295 1958.39 482.09 0.25 89.41 2.99
296 49.26 480.04 0.62 -39.85 1.60
297 794.18 482.72 0.08 -83.12 3.24
298 1169.01 481.81 0.45 -79.61 1.87
299 676.08 486.12 0.28 -73.72 3.74
300 1873.57 484.09 0.40 -19.57 2.11
301 398.71 489.45 0.14 55.57 3.95
302 108.84 491.35 0.12 86.99 3.29
303 1525.94 488.92 0.39 -81.28 1.78
304 1828.18 493.18 0.15 -54.81 3.95
305 1683.76 513.35 0.11 -46.91 19.38
306 582.21 492.54 0.35 -36.27 1.60
307 70.21 495.70 0.55 -34.95 3.19
308 820.03 495.67 0.04 -41.70 4.55
309 988.81 496.09 0.07 41.75 3.34
310 275.47 499.75 0.25 47.00 4.30
311 914.31 496.33 0.18 -77.03 2.19
312 75.92 499.29 0.75 -49.44 1.87
313 1197.98 501.15 0.09 18.42 2.46
314 991.80 503.45 0.21 -14.96 2.59
315 1506.47 505.47 0.19 88.41 3.39
316 190.63 504.11 0.47 -67.49 1.60
317 1411.14 506.00 0.41 -45.50 2.71
318 965.89 508.12 0.18 9.79 3.14
319 1878.99 508.85 0.14 -11.89 2.93
320 311.92 509.71 0.36 84.48 2.82
321 1096.42 511.05 0.17 -50.27 2.99
322 1550.52 511.44 0.53 -89.51 1.60
323 916.43 512.51 0.45 -86.17 1.87
324 1656.32 513.96 0.69 43.69 2.76
325 1279.31 516.64 0.18 21.04 2.52
326 1961.69 527.93 0.27 -32.47 8.00
327 1849.51 527.57 0.27 -37.52 4.75
328 1825.90 528.74 0.40 -12.90 2.82
329 772.84 530.46 0.45 72.53 1.95
330 348.39 531.41 0.24 -32.61 3.04
331 1039.92 532.58 0.12 83.15 4.15
332 1803.54 536.19 0.21 -39.31 3.04
333 1871.60 543.58 0.18 -33.42 8.90
334 1458.22 536.99 0.14 8.63 2.71
335 1009.04 541.16 0.14 -28.51 2.59
336 1534.52 541.91 0.06 -12.83 1.95
337 1550.20 545.15 0.08 -8.47 5.35
338 1659.02 543.50 0.12 -71.20 3.34
339 1393.93 547.96 0.58 5.66 4.41
340 312.32 549.36 0.22 20.79 4.26
341 229.19 565.80 0.23 29.16 17.10
342 1576.46 552.01 0.12 -16.61 4.07
343 1852.87 551.38 0.70 62.74 1.60
344 321.49 550.95 0.38 27.37 1.78
345 928.20 555.70 0.09 -67.27 5.73
346 1122.14 552.59 0.25 -43.03 3.24
347 791.72 553.66 0.22 17.69 2.93
348 666.75 555.44 0.20 3.00 2.03
349 863.63 559.32 0.26 -44.10 4.98
350 820.58 561.11 0.04 -67.44 5.41
351 1457.49 561.35 0.27 -68.16 3.66
352 1922.30 559.03 0.13 -83.84 2.39
353 372.29 562.57 0.21 29.70 4.58
354 944.68 563.39 0.33 -62.91 2.88
355 1615.47 562.20 0.06 79.13 2.65
356 971.15 563.50 0.26 -30.72 3.34
357 194.88 564.29 0.03 59.56 2.46
358 1230.34 565.02 0.10 68.05 3.39
359 287.58 567.41 0.14 -9.15 2.33
360 1736.34 570.27 0.35 -73.40 3.66
361 1026.11 571.95 0.44 -58.19 4.15
362 1763.84 573.93 0.15 28.48 3.99
363 1161.90 578.55 0.12 85.58 5.38
364 1509.34 575.86 0.22 4.95 2.11
365 1199.79 584.28 0.07 -57.81 8.96
366 1394.83 575.90 0.67 14.38 1.60
367 209.60 583.87 0.40 -12.77 1.69
368 926.11 591.02 0.52 -62.99 2.33
369 210.29 591.18 0.50 45.07 2.26
370 997.60 590.22 0.57 -19.86 2.03
371 1570.35 592.27 0.08 -61.48 2.46
372 1115.96 596.27 0.04 -33.43 5.75
373 1508.51 597.15 0.11 78.51 3.52
374 1564.79 600.10 0.05 -45.06 3.70
375 1453.57 601.04 0.10 -29.79 1.87
376 1867.48 609.05 0.37 -18.67 8.35
377 970.55 604.98 0.07 54.44 3.14
378 129.63 608.11 0.33 23.48 6.77
379 256.59 604.51 0.44 -31.82 1.69
380 1789.83 604.99 0.23 -18.37 2.59
381 749.05 607.75 0.19 -86.34 2.99
382 827.48 622.35 0.24 -68.06 13.93
383 490.27 609.10 0.02 45.76 4.07
384 162.97 612.93 0.35 29.96 4.58
385 1615.50 615.02 0.12 -75.01 4.65
386 1104.52 616.66 0.53 51.26 4.85
387 583.31 614.38 0.18 22.39 2.33
388 540.35 614.50 0.22 -47.63 1.60
389 313.83 618.47 0.52 37.17 3.95
390 1053.63 616.63 0.43 -54.91 2.19
391 615.95 622.06 0.25 87.13 5.59
392 1212.97 619.81 0.34 -39.45 3.09
393 431.72 617.99 0.43 -47.07 1.69
394 1264.68 623.34 0.20 -56.56 3.43
395 1336.86 626.24 0.44 40.63 4.37
396 1457.14 628.23 0.12 -30.50 4.75
397 304.39 627.65 0.53 45.43 1.95
398 677.68 631.66 0.01 13.31 5.67
399 475.90 629.73 0.27 76.06 1.87
400 1859.11 630.70 0.15 73.66 2.26
401 1021.70 630.19 0.10 -10.22 1.95
402 1407.87 632.38 0.13 29.73 3.66
403 947.71 635.18 0.32 -66.66 2.88
404 937.16 634.93 0.07 68.70 2.46
405 369.27 635.29 0.31 17.77 1.78
406 1401.25 638.61 0.48 15.85 2.39
407 594.74 649.12 0.07 66.25 9.25
408 2012.46 640.84 0.62 -85.18 1.69
409 31.25 641.71 0.37 -72.68 1.78
410 347.22 643.27 0.37 89.54 2.59
411 825.86 644.79 0.15 -56.65 3.52
412 1293.88 644.46 0.22 -73.61 2.33
413 413.57 646.96 0.18 38.37 5.50
414 1958.58 649.97 0.14 -7.75 7.57
415 1483.56 645.56 0.18 33.59 1.60
416 909.90 647.89 0.23 -42.62 1.60
417 1707.78 650.40 0.36 -50.50 3.09
418 1179.63 649.87 0.21 -49.42 2.19
419 384.61 653.30 0.11 60.72 3.14
420 428.92 652.75 0.14 -35.38 1.60
421 707.90 653.39 0.46 -42.90 1.95
422 1760.39 661.82 0.10 -37.21 9.54
423 168.98 656.60 0.16 77.97 4.33
424 453.52 654.87 0.30 55.84 2.33
425 718.96 657.44 0.11 20.96 2.26
426 1158.95 658.29 0.38 62.43 2.59
427 1252.75 659.82 0.37 -66.43 3.95
428 1494.21 661.55 0.08 49.85 3.04
429 693.02 663.03 0.39 36.00 3.09
430 1725.07 662.74 0.21 -63.83 2.82
431 770.62 664.92 0.23 49.35 2.26
432 1031.16 668.07 0.06 -22.35 4.51
433 1484.15 666.64 0.27 -85.19 2.59
434 629.37 666.36 0.13 -30.78 1.87
435 1135.98 670.66 0.12 -9.35 6.18
436 1317.06 666.48 0.39 -61.84 1.78
437 692.34 669.73 0.68 -81.46 1.60
438 927.94 674.97 0.04 -71.00 5.56
439 1050.64 672.29 0.43 17.75 4.18
440 1124.14 670.06 0.24 -16.64 2.03
441 417.16 686.95 0.09 40.30 13.06
442 989.73 673.36 0.64 -60.64 1.78
443 552.29 680.62 0.26 34.76 5.61
444 1320.17 683.14 0.02 -44.90 4.69
445 496.33 683.36 0.31 -51.58 2.33
446 1294.68 684.52 0.09 -77.78 3.09
447 379.31 683.93 0.30 73.68 2.26
448 1036.93 686.71 0.10 -51.20 4.41
449 1886.73 684.71 0.20 -31.90 3.19
450 456.36 688.92 0.57 37.08 5.26
451 1730.20 688.42 0.02 19.97 4.92
452 1359.23 693.36 0.10 -43.03 3.87
453 230.81 702.66 0.20 28.95 7.44
454 603.97 697.53 0.28 89.16 3.24
455 783.69 698.09 0.35 60.24 3.95
456 1654.04 696.88 0.15 -51.42 4.58
457 1115.03 697.08 0.16 -37.77 3.04
458 158.01 697.11 0.44 4.29 2.33
459 196.82 705.47 0.28 24.22 7.63
460 1917.40 703.09 0.22 -21.48 4.85
461 732.69 702.52 0.73 -58.34 1.69
462 932.29 705.63 0.09 16.48 6.08
463 1174.71 704.07 0.25 74.63 2.03
464 1370.66 705.95 0.18 -77.61 3.52
465 1343.86 705.02 0.21 -6.66 1.78
466 496.96 712.05 0.05 -11.09 5.64
467 766.12 708.48 0.17 -49.64 2.39
468 1457.16 707.42 0.29 -47.41 2.19
469 552.34 711.25 0.13 84.23 3.74
470 663.67 710.25 0.34 7.95 1.78
471 1647.14 711.87 0.25 -45.40 3.29
472 223.30 713.06 0.13 -6.52 2.99
473 1225.50 715.54 0.25 -74.02 4.03
474 822.41 714.60 0.66 -8.92 1.60
475 1986.80 718.52 0.44 33.45 2.19
476 905.59 721.51 0.05 -65.82 4.48
477 1438.42 720.26 0.32 -8.50 3.29
478 1680.46 723.34 0.27 -34.02 5.29
479 420.16 722.65 0.50 35.20 1.95
480 849.91 724.95 0.18 -28.70 4.33
481 150.98 724.61 0.32 37.70 2.99
482 381.14 723.57 0.18 -51.25 1.87
483 203.79 725.22 0.18 30.19 2.65
484 834.51 725.66 0.36 -87.62 2.59
485 1158.37 727.68 0.13 -46.15 5.67
486 1498.94 729.02 0.24 -89.44 4.30
487 118.66 727.78 0.55 11.75 1.69
488 430.64 739.10 0.14 40.52 9.17
489 1698.80 735.30 0.31 -61.40 3.39
490 781.01 734.73 0.69 -30.28 2.76
491 1582.97 734.98 0.14 18.46 2.65
492 1987.77 738.09 0.18 -35.06 3.52
493 205.30 738.82 0.17 27.54 3.66
494 444.97 738.38 0.35 -45.81 3.04
495 769.35 736.50 0.22 -15.22 1.60
496 648.65 737.70 0.67 23.85 1.60
497 834.92 736.93 0.25 -47.57 1.60
498 1516.54 739.88 0.19 -39.24 2.88
499 26.71 740.63 0.39 21.21 1.95
500 602.15 744.08 0.25 -0.13 4.72
501 1025.36 742.41 0.63 -29.43 2.19
502 985.63 745.21 0.13 -47.29 3.74
503 416.97 744.93 0.34 -10.94 2.19
504 1568.88 747.29 0.47 52.72 2.11
505 62.63 753.59 0.81 -89.57 2.93
506 48.66 753.05 0.71 87.17 2.65
507 1109.93 751.73 0.33 -40.16 4.03
508 499.92 758.58 0.05 21.48 7.98
509 1390.28 761.40 0.05 -60.92 8.02
510 1948.18 755.42 0.59 -48.24 2.03
511 999.23 765.09 0.04 -50.71 9.34
512 515.81 758.18 0.16 19.09 2.26
513 794.42 757.45 0.25 -14.46 2.03
514 921.21 762.18 0.28 -84.62 5.47
515 133.21 760.40 0.40 41.77 2.39
516 759.34 759.64 0.85 60.57 1.69
517 1654.71 759.72 0.42 57.48 2.39
518 1856.22 761.06 0.64 -62.80 2.52
519 1026.58 760.79 0.49 -22.74 3.61
520 1371.96 761.16 0.51 76.43 2.33
521 1829.21 762.90 0.15 -47.16 4.33
522 1909.18 761.04 0.12 -39.95 1.87
523 368.26 763.99 0.38 -24.83 1.60
524 62.67 766.16 0.52 72.40 1.69
525 1238.92 768.21 0.21 -17.63 5.35
526 595.79 771.73 0.18 0.82 7.23
527 1118.94 772.31 0.08 -14.86 7.48
528 48.67 769.02 0.68 -81.39 1.95
529 759.45 769.19 0.19 -89.14 3.66
530 1615.78 769.54 0.12 -62.92 3.99
531 1657.80 769.81 0.08 -58.69 3.99
532 749.69 769.96 0.35 -20.99 2.19
533 1978.89 770.79 0.23 -9.72 3.78
534 619.63 773.31 0.07 -8.98 4.51
535 1011.05 772.21 0.11 -52.93 2.52
536 63.21 776.63 0.55 80.30 3.04
537 316.11 775.30 0.31 -1.29 2.65
538 1152.59 777.58 0.18 -61.22 2.93
539 306.81 780.30 0.31 38.37 4.22
540 1711.90 784.43 0.10 -54.64 7.48
541 518.01 781.46 0.12 50.23 4.72
542 2013.96 778.11 0.22 -71.40 1.69
543 1369.48 783.74 0.33 -58.40 2.26
544 63.51 786.43 0.33 83.38 1.87
545 1238.34 786.73 0.13 2.91 2.59
546 1837.85 788.95 0.10 -19.70 5.05
547 1630.74 788.97 0.18 -42.66 3.48
548 2005.24 789.29 0.39 -67.66 1.60
549 247.30 795.29 0.26 17.54 6.38
550 604.73 791.26 0.11 -87.07 2.71
551 682.85 791.94 0.77 -71.78 1.95
552 689.48 790.31 0.47 -24.99 1.60
553 736.34 792.21 0.73 51.64 2.03
554 1414.88 792.40 0.20 67.35 2.99
555 720.20 796.52 0.28 88.24 3.14
556 337.74 799.72 0.14 25.43 6.98
557 872.49 796.50 0.37 -24.32 2.88
558 1599.64 795.39 0.33 50.23 2.03
559 27.84 799.92 0.21 -10.54 4.07
560 62.48 799.66 0.73 78.57 1.87
561 367.76 802.77 0.31 -85.15 1.60
562 722.76 810.39 0.07 -56.85 7.27
563 1266.95 805.44 0.34 -61.05 3.39
564 1251.84 805.21 0.16 -36.43 2.93
565 296.31 810.33 0.18 40.10 4.75
566 1607.42 809.25 0.47 -86.25 1.60
567 145.92 825.66 0.25 15.38 12.27
568 1332.50 811.24 0.16 87.03 2.76
569 676.30 812.72 0.15 -5.47 2.26
570 709.82 813.14 0.24 -28.25 2.52
571 1594.32 813.30 0.10 -25.50 2.76
572 46.24 813.21 0.40 84.65 1.60
573 752.96 815.03 0.42 80.01 2.26
574 407.37 817.29 0.18 -36.89 2.11
575 569.67 819.89 0.09 53.76 4.33
576 1063.99 818.79 0.24 -24.39 3.66
577 1175.22 817.46 0.51 88.17 1.69
578 539.25 820.02 0.46 6.36 3.04
579 708.04 824.19 0.38 -67.96 3.04
580 235.83 837.44 0.24 16.73 15.69
581 1070.62 823.47 0.66 -81.66 1.60
582 1709.09 824.35 0.13 -78.19 3.29
583 70.35 826.02 0.39 11.34 4.92
584 1801.28 824.89 0.01 24.43 3.95
585 469.73 826.06 0.10 -45.91 1.78
586 1477.82 837.71 0.05 -43.91 10.17
587 1847.56 829.84 0.19 82.00 2.39
588 915.08 832.09 0.36 22.38 2.59
589 1636.56 834.42 0.08 78.03 3.78
590 556.79 833.80 0.25 87.26 1.87
591 1516.63 836.66 0.21 84.58 3.19
592 444.58 835.21 0.48 -12.06 2.26
593 1172.57 839.32 0.35 -30.98 1.87
594 1689.63 841.96 0.16 36.29 2.52
595 404.59 847.15 0.38 62.27 5.67
596 46.98 844.82 0.15 -28.20 2.33
597 274.20 844.97 0.46 35.10 2.65
598 1416.82 848.49 0.04 -7.72 3.74
599 612.17 849.57 0.11 70.60 3.87
600 938.00 851.29 0.42 -14.45 5.08
601 217.32 854.94 0.35 19.05 4.55
602 464.68 853.50 0.14 -79.68 2.76
603 1001.58 856.98 0.25 -45.96 6.02
604 161.71 857.04 0.53 -81.02 2.76
605 507.20 857.50 0.22 -22.39 2.76
606 258.73 860.39 0.34 78.23 2.46
607 1014.58 862.37 0.18 31.61 2.59
608 607.91 865.70 0.08 69.25 4.26
609 967.77 865.50 0.24 56.87 2.52
610 991.68 870.19 0.07 -79.32 5.05
611 832.29 874.46 0.17 -77.49 6.33
612 475.20 872.77 0.07 31.10 1.87
613 1390.98 876.47 0.56 -56.22 3.09
614 291.19 879.72 0.23 16.95 7.07
615 375.58 875.60 0.33 33.14 1.87
616 492.18 882.31 0.09 -37.90 6.41
617 225.45 880.66 0.21 21.00 4.48
618 945.34 877.10 0.66 40.43 1.60
619 954.10 880.54 0.16 51.69 3.04
620 563.11 880.91 0.55 52.32 2.03
621 1915.09 880.19 0.33 33.36 2.26
622 70.34 882.79 0.47 19.89 2.88
623 163.54 892.14 0.28 13.62 9.95
624 996.29 885.28 0.33 -48.73 2.46
625 1524.89 886.24 0.07 -56.85 4.11
626 514.93 888.50 0.43 -43.90 4.58
627 1551.99 885.10 0.35 79.49 1.60
628 1725.27 890.38 0.36 63.21 3.66
629 204.91 890.70 0.44 16.48 2.33
630 1015.13 891.48 0.04 -89.87 2.99
631 419.59 894.04 0.14 -27.74 3.09
632 1817.16 894.42 0.09 -51.20 3.83
633 1092.30 895.64 0.37 -14.22 4.11
634 46.42 896.77 0.31 22.67 3.48
635 1706.32 896.76 0.09 -34.72 3.04
636 927.54 901.61 0.41 -34.80 7.78
637 405.64 898.91 0.41 -65.25 2.39
638 1118.64 901.72 0.14 -57.73 3.43
639 1224.58 901.23 0.03 13.39 3.24
640 905.56 903.99 0.46 -51.05 4.79
641 953.50 902.97 0.10 84.72 3.48
642 773.29 904.52 0.05 17.14 3.24
643 1706.46 905.10 0.14 75.18 3.19
644 1352.91 904.87 0.29 -75.89 2.03
645 1208.52 910.04 0.33 77.43 4.82
646 365.31 906.69 0.38 -30.64 1.78
647 1549.64 909.78 0.08 -88.60 3.19
648 43.19 911.96 0.78 -85.46 2.19
649 1144.10 908.89 0.23 45.74 1.60
650 1251.39 914.41 0.66 -45.54 2.33
651 476.85 915.19 0.09 56.07 3.34
652 215.66 914.77 0.20 63.25 1.87
653 936.74 919.50 0.43 -4.44 5.56
654 631.53 920.64 0.29 45.25 2.93
655 1256.40 923.32 0.25 -85.66 4.37
656 473.66 922.25 0.44 35.44 1.78
657 1445.98 925.69 0.38 53.79 1.69
658 1513.55 927.74 0.11 -85.65 3.57
659 1692.01 924.98 0.04 53.61 1.69
660 414.76 927.12 0.27 33.18 2.11
661 1014.82 929.47 0.09 -87.47 3.24
662 1825.90 930.58 0.08 52.26 2.76
663 80.21 933.68 0.43 26.90 3.48
664 1487.12 933.64 0.14 44.22 2.76
665 1924.29 940.51 0.31 73.72 6.51
666 532.76 940.47 0.09 22.14 3.09
667 624.57 942.09 0.28 -26.37 3.34
668 1644.88 943.23 0.01 -77.85 3.91
669 1879.78 942.04 0.33 -25.36 2.99
670 256.83 943.01 0.16 36.75 2.59
671 676.81 946.30 0.22 -68.84 3.57
672 1232.63 947.03 0.08 -53.93 3.66
673 369.86 949.52 0.05 -58.30 4.11
674 759.70 950.78 0.14 -20.35 6.02
675 533.80 954.53 0.32 -49.80 6.13
676 1761.75 950.83 0.13 -36.03 2.93
677 1149.16 955.06 0.12 -35.89 3.70
678 437.29 957.14 0.07 16.67 4.22
679 1340.69 958.45 0.45 27.41 3.70
680 632.25 958.48 0.54 68.56 1.60
681 1373.46 958.88 0.16 4.07 2.76
682 777.12 960.34 0.44 -76.17 2.03
683 933.92 961.96 0.21 -76.72 3.87
684 1690.18 964.45 0.06 -35.86 6.93
685 336.39 960.60 0.58 3.79 2.26
686 1303.57 962.22 0.32 73.68 1.95
687 325.85 963.99 0.24 9.32 4.22
688 406.90 961.80 0.39 30.12 1.69
689 461.81 962.67 0.10 -84.41 1.69
690 798.31 963.86 0.53 6.70 2.82
691 1121.15 966.42 0.06 -80.39 5.01
692 1176.53 965.72 0.07 -16.31 2.99
693 1211.19 965.84 0.27 -36.51 3.66
694 841.64 972.18 0.04 66.82 6.43
695 1799.88 967.36 0.36 -35.28 2.03
696 288.87 968.48 0.34 -47.68 2.03
697 720.81 969.67 0.45 -12.53 3.99
698 1508.89 970.50 0.15 -75.58 2.03
699 1521.02 975.34 0.07 -88.82 2.59
700 1066.00 976.09 0.52 81.78 1.78
701 1211.67 978.33 0.07 -39.90 4.48
702 1559.27 978.23 0.17 26.34 4.22
703 76.36 978.26 0.37 2.78 4.62
704 103.54 977.34 0.40 4.66 2.65
705 592.26 980.40 0.09 -66.60 4.11
706 948.52 979.84 0.41 76.72 2.19
707 113.80 982.33 0.27 28.86 4.22
708 1521.33 983.91 0.21 -30.65 3.14
709 1646.73 983.01 0.38 -21.57 1.87
710 1597.70 986.62 0.32 -72.67 2.65
711 844.05 990.03 0.09 42.26 3.99
712 1395.69 994.36 0.49 -1.24 4.48
713 639.40 997.83 0.03 20.24 3.74
714 1851.90 1000.38 0.04 -22.42 5.11
715 1474.62 1000.41 0.10 -51.33 3.43
716 1768.58 1001.29 0.05 -54.36 4.75
717 1680.16 1001.19 0.54 -56.01 2.46
718 255.68 1002.47 0.31 11.27 3.99
719 450.41 1001.32 0.50 -5.04 2.46
720 197.64 1005.88 0.29 24.82 5.61
721 423.88 1018.28 0.04 14.56 16.17
722 571.93 1006.43 0.04 86.67 4.92
723 629.72 1006.56 0.23 -49.26 4.85
724 125.47 1008.80 0.35 9.50 6.33
725 155.25 1005.18 0.12 -51.71 2.19
726 1703.95 1007.62 0.34 83.99 4.55
727 1776.88 1009.84 0.11 18.91 3.09
728 1059.74 1013.22 0.07 -75.52 4.72
729 1038.81 1012.07 0.13 51.76 2.46
730 1924.13 1014.14 0.38 -80.29 1.95
731 1325.45 1017.33 0.36 44.42 4.18
732 1526.37 1019.25 0.23 89.86 2.33
733 1365.08 1021.53 0.12 -38.20 3.24
734 956.76 1023.22 0.13 -23.43 3.57
735 1822.00 1021.46 0.71 -23.38 1.60
736 1088.21 1024.52 0.08 5.99 3.43
737 1660.69 1039.72 0.06 -35.14 14.44
738 98.19 1026.78 0.26 -84.94 1.95
739 347.40 1026.59 0.36 -24.07 2.11
740 355.79 1027.03 0.27 -51.48 1.87
741 1076.90 1028.03 0.19 -12.55 2.82
742 1676.72 1028.94 0.22 58.37 3.39
743 940.87 1026.86 0.21 -45.70 1.60
744 1949.52 1034.73 0.06 -56.94 8.94
745 867.49 1029.72 0.12 0.46 2.65
746 1821.23 1029.28 0.25 17.12 1.95
747 166.23 1034.49 0.30 4.37 6.93
748 1192.49 1034.84 0.07 -58.74 5.89
749 140.18 1032.21 0.51 61.28 1.87
750 204.31 1037.25 0.24 8.19 7.82
751 2005.28 1038.01 0.39 75.89 4.62
752 1769.55 1034.20 0.33 40.73 1.87
753 80.01 1042.78 0.17 -10.88 10.08
754 1262.36 1037.44 0.12 84.68 3.57
755 1486.19 1037.70 0.27 -70.60 2.46
756 139.90 1045.11 0.83 -88.53 3.19
757 1034.77 1040.59 0.08 -28.54 4.37
758 1509.95 1040.66 0.08 77.46 2.88
759 1320.70 1041.14 0.45 65.58 1.69
760 130.71 1045.53 0.84 -89.95 2.76
761 553.72 1045.35 0.07 -50.04 5.44
762 893.95 1043.15 0.30 -54.18 2.46
763 1210.21 1044.41 0.02 -14.36 3.48
764 1523.00 1043.32 0.37 -53.95 1.69
765 231.54 1051.92 0.26 4.40 6.91
766 884.09 1054.77 0.27 -51.86 5.38
767 1513.29 1051.93 0.35 -84.56 2.19
768 386.64 1051.65 0.36 60.06 2.11
769 599.42 1054.96 0.04 -89.25 5.47
770 1872.22 1053.18 0.11 8.64 3.61
771 191.28 1059.33 0.29 76.55 5.89
772 308.00 1055.70 0.16 17.38 3.19
773 625.20 1058.72 0.13 -22.28 4.82
774 767.25 1057.50 0.29 -63.56 3.29
775 1573.90 1060.75 0.06 -42.30 5.01
776 1236.97 1063.59 0.08 -84.35 3.83
777 1496.13 1062.06 0.09 -40.26 2.33
778 1563.49 1063.79 0.04 -11.70 2.11
779 926.62 1067.39 0.18 63.39 4.48
780 537.15 1070.99 0.12 -5.54 7.27
781 1274.44 1073.07 0.26 -37.73 5.94
782 860.99 1071.77 0.10 -12.66 5.61
783 662.49 1069.63 0.64 44.27 1.69
784 754.57 1074.79 0.23 -58.88 5.84
785 1033.71 1071.63 0.13 25.29 3.66
786 650.84 1071.58 0.47 80.24 2.39
787 830.82 1072.63 0.19 -29.26 2.99
788 999.90 1073.92 0.26 -53.68 4.37
789 811.65 1072.60 0.28 -24.43 1.87
790 875.11 1073.09 0.23 -42.62 1.60
791 1368.41 1077.28 0.39 47.81 2.39
792 1311.93 1079.03 0.51 56.77 2.59
793 1523.10 1086.17 0.08 58.72 8.79
794 199.76 1081.03 0.39 1.32 4.79
795 675.02 1079.40 0.30 -61.26 2.52
796 559.90 1082.25 0.04 33.16 5.17
797 383.40 1080.47 0.24 13.77 2.03
798 811.09 1081.19 0.14 -40.84 3.09
799 493.52 1081.44 0.15 -41.22 2.19
800 799.12 1085.02 0.10 -37.86 3.29
801 1052.60 1086.42 0.01 71.34 3.34
802 1175.44 1084.11 0.50 26.66 1.69
803 580.32 1086.48 0.17 77.94 2.11
804 683.96 1087.08 0.11 -82.86 2.46
805 497.11 1087.86 0.36 12.19 2.65
806 147.71 1090.51 0.24 57.29 3.29
807 1931.93 1087.78 0.35 5.06 1.78
808 1482.53 1092.02 0.24 86.88 3.78
809 1559.66 1091.44 0.12 66.53 3.99
810 1901.95 1093.54 0.12 2.03 5.81
811 1939.23 1090.71 0.22 2.04 2.26
812 770.73 1091.41 0.22 -26.86 2.11
813 132.93 1298.73 0.65 -89.50 35.70
814 623.49 1095.98 0.17 -69.68 4.37
815 995.19 1095.63 0.08 -17.06 4.65
816 354.62 1097.00 0.35 -71.57 3.43
817 972.40 1100.28 0.08 77.30 6.23
818 702.51 1097.83 0.11 62.41 2.39
819 1601.86 1098.70 0.38 3.28 3.78
820 130.88 1099.21 0.75 78.88 1.69
821 577.30 1103.59 0.08 71.68 5.64
822 597.20 1099.82 0.29 -42.51 2.33
823 836.19 1106.55 0.42 66.94 6.13
824 1789.21 1103.94 0.50 36.44 3.09
825 131.13 1109.03 0.75 80.79 2.39
826 1504.65 1110.35 0.08 -60.79 5.47
827 637.62 1118.28 0.02 87.69 7.48
828 656.21 1115.75 0.40 -63.12 3.74
829 956.46 1116.26 0.39 -32.22 3.48
830 1844.71 1115.62 0.50 -57.05 1.95
831 1862.65 1123.49 0.07 14.38 8.12
832 157.48 1121.63 0.30 -2.04 5.29
833 581.83 1124.57 0.03 -18.48 6.60
834 1013.26 1122.27 0.22 78.62 3.24
835 1198.82 1124.53 0.05 -62.99 4.89
836 511.15 1125.78 0.21 32.85 4.15
837 913.95 1123.74 0.28 73.92 1.87
838 392.01 1125.65 0.34 -59.44 2.59
839 684.45 1128.08 0.05 72.10 4.41
840 1354.10 1157.71 0.05 -73.56 21.79
841 1630.54 1126.36 0.13 47.45 3.09
842 1909.10 1126.07 0.29 68.06 2.46
843 81.29 1125.99 0.56 1.07 2.33
844 438.21 1130.62 0.29 25.55 5.84
845 527.79 1136.19 0.32 89.14 5.59
846 1061.02 1133.17 0.06 16.84 4.89
847 630.45 1136.54 0.57 68.48 5.94
848 1635.83 1130.92 0.16 -83.40 2.11
849 1420.41 1131.97 0.60 -50.25 1.87
850 900.28 1154.49 0.05 -13.55 18.70
851 1284.88 1136.58 0.08 64.18 4.30
852 824.84 1136.24 0.14 -62.48 3.09
853 1108.44 1137.85 0.11 -17.22 3.61
854 663.46 1142.30 0.38 78.40 5.61
855 743.56 1138.00 0.14 -11.73 2.93
856 1966.41 1148.28 0.13 10.72 9.71
857 925.24 1140.79 0.29 13.62 2.76
858 1519.17 1141.18 0.62 64.89 1.69
859 552.75 1145.48 0.10 75.90 4.62
860 81.74 1143.47 0.50 37.88 2.39
861 806.91 1147.56 0.17 22.37 6.10
862 1997.04 1143.20 0.27 -41.37 1.60
863 1009.30 1146.09 0.08 -82.86 3.29
864 1678.03 1145.09 0.47 -82.41 2.03
865 976.20 1146.92 0.30 77.75 2.52
866 1775.83 1146.97 0.24 -66.65 1.87
867 1129.44 1149.21 0.09 48.68 2.88
868 1838.63 1148.75 0.09 -31.08 3.09
869 1901.18 1149.82 0.10 29.07 3.70
870 419.72 1152.67 0.40 77.23 3.61
871 1100.25 1151.41 0.14 75.01 3.74
872 1994.14 1154.74 0.18 13.33 6.96
873 429.19 1150.53 0.16 78.84 2.03
874 781.92 1151.47 0.34 70.00 2.82
875 851.92 1150.97 0.29 47.36 1.78
876 1408.21 1150.74 0.38 -29.48 1.69
877 477.05 1155.12 0.07 71.75 3.83
878 291.53 1154.11 0.35 84.05 1.95
879 1145.03 1154.54 0.22 55.12 2.46
880 1881.24 1159.92 0.36 -25.09 8.23
881 1010.45 1155.29 0.05 57.47 2.93
882 1183.59 1158.91 0.19 12.52 3.52
883 543.67 1163.55 0.09 -21.40 7.44
884 1028.54 1159.60 0.12 -66.92 3.70
885 1129.67 1158.35 0.33 16.53 2.03
886 600.95 1158.56 0.39 21.02 1.87
887 691.62 1157.91 0.29 13.47 1.87
888 1325.41 1159.99 0.59 31.20 1.78
889 1433.07 1165.21 0.03 -59.91 5.05
890 729.32 1163.16 0.15 84.39 2.33
891 1686.62 1165.65 0.40 15.52 2.46
892 173.31 1169.98 0.30 6.52 5.47
893 1559.27 1170.68 0.31 -47.33 3.14
894 600.52 1173.53 0.20 42.01 5.94
895 1390.30 1170.06 0.27 -3.97 2.71
896 1654.90 1173.86 0.15 -40.57 1.60
897 149.84 1177.46 0.24 -3.83 4.85
898 501.85 1181.10 0.06 4.14 5.38
899 108.28 1178.75 0.19 -60.03 2.11
900 683.71 1181.74 0.07 89.99 5.86
901 1060.02 1184.18 0.52 56.95 4.65
902 88.93 1181.84 0.30 -28.24 2.99
903 809.92 1187.55 0.16 84.62 4.62
904 642.58 1191.75 0.22 67.32 3.43
905 1089.00 1192.40 0.13 -27.07 4.33
906 556.58 1193.51 0.16 35.95 4.44
907 1377.28 1190.24 0.34 56.27 1.60
908 422.04 1193.54 0.71 79.32 1.69
909 427.42 1198.48 0.17 -66.19 3.91
910 704.98 1194.87 0.24 -23.67 2.19
911 584.16 1201.95 0.10 -77.10 5.70
912 1744.93 1201.70 0.21 84.08 6.21
913 1923.45 1203.01 0.19 30.96 5.89
914 1996.21 1200.96 0.24 31.16 5.14
915 869.84 1203.57 0.16 10.03 5.14
916 895.83 1201.74 0.14 -46.63 3.09
917 37.64 1205.10 0.32 -21.31 5.41
918 538.32 1202.77 0.12 -15.99 1.95
919 1036.92 1208.03 0.39 -53.96 6.58
920 1806.22 1206.01 0.07 -55.84 4.65
921 937.18 1206.12 0.10 -35.52 4.51
922 553.29 1206.03 0.48 84.98 1.60
923 1276.59 1205.80 0.22 -72.55 2.33
924 1015.34 1208.77 0.23 74.08 3.52
925 694.73 1209.53 0.36 -10.09 2.88
926 1390.37 1209.84 0.14 58.35 2.19
927 402.76 1210.25 0.26 86.88 1.60
928 1978.50 1212.69 0.03 60.99 2.93
929 1523.08 1212.38 0.07 -64.65 3.09
930 1618.85 1212.74 0.07 -36.08 2.88
931 335.62 1215.58 0.15 42.61 3.29
932 1248.33 1216.90 0.24 -14.75 4.26
933 1727.44 1220.40 0.10 25.10 4.48
934 1536.67 1219.33 0.32 -57.43 1.87
935 508.72 1220.50 0.21 -45.74 2.46
936 1100.41 1224.34 0.22 41.68 3.87
937 294.42 1226.22 0.03 37.40 4.11
938 547.69 1226.29 0.06 -29.23 3.39
939 672.55 1225.27 0.24 7.00 2.59
940 851.63 1227.62 0.08 -55.55 4.26
941 1487.17 1227.09 0.34 31.44 3.19
942 1228.57 1226.05 0.36 25.10 1.78
943 1343.45 1228.24 0.07 -85.54 3.48
944 1110.12 1229.01 0.04 9.09 2.39
945 1778.89 1230.25 0.18 83.37 1.60
946 694.11 1235.50 0.24 12.16 5.29
947 1271.47 1232.99 0.19 -1.23 1.60
948 468.82 1241.07 0.31 -31.04 7.07
949 1705.76 1235.24 0.10 10.21 2.11
950 307.69 1237.85 0.10 -60.11 3.34
951 615.47 1237.00 0.14 -43.37 2.11
952 642.83 1236.99 0.32 -71.41 2.11
953 1214.96 1239.95 0.02 28.92 4.72
954 1712.68 1239.54 0.36 29.61 1.95
955 1152.18 1243.84 0.25 12.53 5.92
956 149.74 1242.14 0.14 42.43 2.65
957 1777.71 1243.91 0.02 87.91 2.59
958 1348.79 1253.71 0.03 -20.90 10.87
959 1414.26 1244.41 0.51 -23.49 3.14
960 1865.67 1243.61 0.29 -47.38 2.33
961 183.00 1252.16 0.28 -6.81 8.72
962 212.82 1247.12 0.20 -7.45 3.19
963 1660.59 1247.61 0.30 85.20 2.19
964 1682.56 1248.00 0.24 25.04 2.82
965 988.38 1251.61 0.10 -28.88 3.29
966 584.02 1252.85 0.16 56.18 2.71
967 858.17 1253.01 0.23 -66.92 2.76
968 1590.85 1261.57 0.04 16.24 9.71
969 503.88 1257.48 0.06 -11.55 4.15
970 1113.84 1263.34 0.10 -23.24 7.92
971 416.40 1257.63 0.66 -8.45 1.60
972 491.64 1261.99 0.18 -70.85 4.89
973 1611.56 1262.40 0.16 -70.06 2.99
974 205.65 1260.47 0.12 -25.19 2.03
975 1427.76 1260.78 0.29 -27.84 1.69
976 1563.68 1268.40 0.04 -18.74 7.57
977 667.48 1267.20 0.40 -65.23 3.19
978 1482.16 1269.13 0.54 75.25 1.95
979 778.56 1271.01 0.16 -74.75 4.33
980 1084.97 1268.37 0.50 68.37 1.60
981 1547.62 1268.47 0.60 11.94 2.76
982 960.66 1270.35 0.32 32.95 1.69
983 75.62 1280.16 0.35 -9.11 10.97
984 731.49 1271.92 0.36 -23.73 1.95
985 1328.61 1277.80 0.08 -22.71 4.98
986 1660.80 1275.05 0.58 72.89 1.87
987 1929.72 1277.58 0.24 39.84 3.91
988 742.63 1277.11 0.26 54.66 2.46
989 816.61 1281.39 0.25 -73.48 3.61
990 1887.30 1284.39 0.28 -39.09 2.26
991 1349.32 1288.57 0.16 66.35 3.43
992 197.39 1289.30 0.22 9.63 3.78
993 517.12 1288.78 0.18 45.04 3.43
994 424.02 1290.09 0.22 -54.59 2.76
995 932.23 1291.34 0.09 -49.98 3.74
996 215.05 1294.01 0.26 -16.82 4.62
997 239.96 1292.99 0.11 -25.49 2.39
998 1114.66 1293.32 0.41 -75.20 1.95
999 497.77 1296.99 0.29 16.29 4.11
1000 534.96 1297.90 0.27 -70.48 4.15
1001 674.66 1300.01 0.44 -22.13 6.53
1002 1049.36 1295.46 0.26 -25.91 2.52
1003 1569.80 1297.11 0.08 -7.40 3.91
1004 408.54 1299.52 0.51 16.85 4.51
1005 620.23 1300.15 0.05 -27.44 3.09
1006 1176.68 1305.81 0.12 -43.43 7.40
1007 1234.69 1302.25 0.18 -7.74 2.99
1008 1911.33 1303.21 0.37 -1.85 3.95
1009 1948.42 1304.44 0.12 34.38 4.48
1010 428.66 1305.32 0.24 -4.24 5.23
1011 402.99 1304.43 0.44 30.47 2.39
1012 1961.67 1304.71 0.28 -88.92 1.95
1013 698.22 1307.66 0.05 50.36 4.11
1014 415.84 1310.21 0.33 81.66 2.33
1015 1103.45 1309.99 0.14 43.13 3.70
1016 654.56 1314.00 0.33 -82.36 3.09
1017 478.72 1314.88 0.15 -0.40 3.87
1018 1083.55 1314.97 0.09 -88.35 2.99
1019 1029.93 1316.58 0.16 77.84 3.61
1020 1486.01 1318.64 0.03 62.22 5.67
1021 1709.51 1318.58 0.13 68.56 4.18
1022 589.53 1323.34 0.58 11.33 9.29
1023 1124.20 1317.58 0.34 48.59 1.87
1024 704.10 1319.52 0.58 -76.37 2.11
1025 1751.46 1327.68 0.18 -47.52 8.16
1026 1341.95 1326.52 0.59 59.59 3.29
1027 690.11 1325.56 0.04 -69.69 4.30
1028 1074.88 1327.03 0.06 -58.64 4.11
1029 716.29 1325.34 0.29 67.07 2.65
1030 800.53 1326.75 0.33 -67.51 2.52
1031 1026.25 1328.67 0.30 64.55 4.51
1032 1135.57 1330.21 0.09 87.98 4.37
1033 836.25 1343.58 0.12 79.13 10.36
1034 786.81 1330.25 0.47 -20.54 1.95
1035 341.69 1332.43 0.32 65.11 2.03
1036 1019.87 1331.50 0.37 -55.19 1.87
1037 1364.14 1331.23 0.11 68.56 1.87
1038 1832.56 1336.82 0.24 -19.05 5.47
1039 434.86 1333.58 0.30 -55.54 2.65
1040 928.35 1338.69 0.13 21.84 4.75
1041 768.97 1339.63 0.22 70.18 2.65
1042 310.71 1342.82 0.26 68.84 5.17
1043 372.98 1347.66 0.49 -85.96 6.00
1044 895.15 1344.83 0.21 8.00 4.95
1045 978.84 1346.67 0.42 -67.10 4.41
1046 1305.04 1345.70 0.38 -56.82 3.52
1047 106.58 1345.73 0.35 -18.55 4.03
1048 1438.66 1344.84 0.71 -85.48 1.69
1049 179.79 1348.08 0.22 -10.72 5.29
1050 1328.05 1350.25 0.17 81.74 4.26
1051 336.24 1346.21 0.33 -18.91 2.11
1052 1375.01 1351.22 0.08 -25.71 6.60
1053 1395.83 1349.74 0.07 54.31 3.95
1054 127.46 1352.33 0.67 -85.73 2.39
1055 1104.96 1351.47 0.19 80.23 3.61
1056 1832.84 1350.64 0.35 41.61 2.99
1057 414.27 1351.45 0.63 -29.71 2.11
1058 673.87 1352.87 0.04 38.01 3.61
1059 1121.01 1358.64 0.19 -68.27 7.72
1060 1087.52 1352.30 0.37 9.17 1.95
1061 1000.40 1353.80 0.21 49.40 2.39
1062 1565.51 1354.18 0.24 29.96 2.33
1063 1624.25 1353.66 0.39 -5.66 2.59
1064 1139.04 1355.89 0.34 -62.35 3.19
1065 976.86 1357.76 0.35 -61.30 1.60
1066 1027.20 1361.10 0.09 61.18 4.72
1067 443.24 1360.57 0.07 -71.52 3.52
1068 127.18 1361.40 0.55 -79.15 2.33
1069 756.97 1363.84 0.08 76.80 5.50
1070 1188.15 1363.33 0.18 79.79 5.44
1071 1363.61 1362.12 0.39 87.00 2.11
1072 390.56 1366.20 0.15 -17.98 5.01
1073 1143.22 1365.20 0.47 -56.25 2.93
1074 1584.80 1369.76 0.07 70.43 6.46
1075 104.94 1366.52 0.30 -85.96 1.69
1076 1768.25 1367.19 0.47 57.61 2.39
1077 497.77 1371.67 0.21 -62.17 4.03
1078 1490.56 1370.58 0.73 75.05 2.19
1079 1074.53 1373.64 0.46 -52.90 2.52
1080 1891.20 1377.25 0.17 28.54 5.78
1081 125.86 1374.34 0.60 -57.57 1.87
1082 366.99 1377.06 0.19 -15.14 5.20
1083 1057.24 1378.03 0.51 62.34 3.66
1084 956.11 1373.68 0.48 -22.38 1.60
1085 988.77 1374.89 0.30 82.77 2.11
1086 1796.25 1377.39 0.02 -69.88 2.88
1087 703.26 1381.06 0.29 1.57 5.75
1088 1602.84 1378.44 0.20 -16.29 2.52
1089 659.30 1382.52 0.04 -61.87 5.81
1090 907.24 1380.87 0.32 -48.07 4.44
1091 1662.94 1391.39 0.05 -36.27 11.75
1092 933.66 1384.90 0.14 -73.69 4.11
1093 1042.82 1385.10 0.23 39.59 4.75
1094 1458.38 1385.67 0.01 69.87 4.30
1095 1816.04 1384.08 0.40 35.14 2.59
1096 1874.61 1384.97 0.08 -38.98 2.26
1097 1685.68 1386.47 0.26 78.87 2.52
1098 1754.25 1389.02 0.40 28.51 4.95
1099 876.07 1387.15 0.08 69.30 2.26
1100 1622.30 1390.93 0.37 76.59 2.26
1101 196.95 1390.38 0.38 -3.85 2.03
1102 1962.92 1390.62 0.47 69.60 1.69
1103 244.44 1393.64 0.12 -11.85 4.55
1104 1734.20 1392.57 0.43 51.18 2.52
1105 795.52 1396.72 0.26 27.25 5.59
1106 1181.59 1396.07 0.12 -23.37 3.74
1107 1837.62 1398.59 0.26 50.34 4.48
1108 1946.30 1395.59 0.39 30.22 2.11
1109 1086.34 1402.17 0.30 -37.21 4.85
1110 754.65 1407.49 0.40 73.73 6.96
1111 1009.47 1403.38 0.04 55.83 5.26
1112 1448.59 1401.59 0.16 51.12 2.03
1113 1691.89 1403.16 0.13 36.42 3.14
1114 352.47 1402.51 0.26 -16.50 1.78
1115 1350.47 1405.48 0.09 36.89 5.01
1116 1887.56 1411.70 0.19 32.00 10.73
1117 787.66 1405.34 0.14 -89.40 3.66
1118 1072.51 1407.28 0.34 39.76 5.67
1119 309.13 1407.06 0.17 -13.71 4.48
1120 1320.02 1409.35 0.28 22.85 2.46
1121 974.65 1409.10 0.76 -8.83 2.39
1122 1289.45 1411.57 0.46 -82.65 2.76
1123 1687.33 1412.41 0.25 -64.14 2.71
1124 1530.28 1419.03 0.14 77.75 6.51
1125 566.16 1416.51 0.07 40.09 5.14
1126 872.72 1415.38 0.14 67.44 3.19
1127 1626.09 1414.53 0.31 -57.47 2.39
1128 1952.73 1420.49 0.30 56.89 6.82
1129 1515.87 1415.57 0.50 -80.72 2.33
1130 125.03 1419.64 0.77 -85.33 2.99
1131 1150.56 1417.94 0.47 -58.83 2.39
1132 1813.04 1418.18 0.39 63.87 3.24
1133 1412.57 1417.77 0.22 83.72 2.46
1134 472.37 1418.24 0.36 42.43 1.69
1135 899.95 1421.40 0.25 -86.35 2.11
1136 387.80 1423.79 0.22 74.18 3.91
1137 1078.47 1430.09 0.51 -57.47 5.17
1138 483.99 1426.16 0.14 -42.93 2.82
1139 221.84 1426.14 0.20 49.22 1.60
1140 1423.92 1429.35 0.04 55.38 3.39
1141 1225.84 1429.86 0.20 74.57 2.99
1142 124.41 1430.41 0.29 75.89 1.95
1143 624.04 1430.46 0.28 46.64 1.78
1144 342.44 1436.68 0.16 13.39 4.69
1145 1058.47 1438.06 0.12 -67.64 4.98
1146 1479.75 1437.43 0.16 -77.34 3.61
1147 1737.33 1434.50 0.31 -50.00 2.03
1148 927.16 1438.15 0.25 -56.70 2.11
1149 1122.76 1441.19 0.30 -24.00 4.44
1150 1664.05 1438.56 0.60 64.07 1.60
1151 844.89 1443.25 0.24 41.53 4.22
1152 136.89 1448.71 0.33 -20.82 7.00
1153 793.06 1445.49 0.22 -2.82 3.66
1154 884.93 1443.90 0.14 -24.65 2.52
1155 1393.54 1445.36 0.07 -4.50 3.74
1156 873.47 1445.03 0.38 -74.36 2.33
1157 987.55 1445.90 0.10 89.53 3.29
1158 208.01 1447.04 0.70 52.24 1.60
1159 501.96 1448.92 0.23 53.12 4.37
1160 949.54 1447.14 0.43 -65.86 2.11
1161 1420.69 1448.36 0.15 58.49 3.48
1162 1686.99 1453.08 0.33 84.54 3.87
1163 1780.53 1453.40 0.12 32.62 3.99
1164 763.03 1455.03 0.29 -58.04 4.03
1165 1767.42 1455.62 0.26 39.51 4.03
1166 805.50 1456.73 0.17 -78.06 3.52
1167 1073.59 1456.20 0.15 76.18 2.26
1168 1550.84 1456.70 0.21 57.03 2.71
1169 247.38 1459.82 0.45 47.88 4.58
1170 339.78 1458.13 0.20 -21.33 3.09
1171 1027.74 1457.86 0.51 -51.43 2.19
1172 848.84 1459.42 0.12 -66.72 3.70
1173 931.61 1460.17 0.42 -32.73 3.87
1174 219.75 1463.02 0.25 -40.21 4.03
1175 1395.76 1462.71 0.12 -84.22 3.14
1176 1283.42 1465.91 0.10 73.72 5.11
1177 1890.30 1464.14 0.59 59.52 1.87
1178 276.78 1465.36 0.74 61.54 1.78
1179 618.12 1465.03 0.29 47.83 1.69
1180 641.78 1466.48 0.06 -28.20 2.71
1181 1635.99 1467.05 0.19 46.92 3.39
1182 1144.35 1468.50 0.16 -63.94 3.04
1183 1198.71 1472.26 0.07 89.62 5.14
1184 1000.81 1469.48 0.45 81.59 1.87
1185 236.00 1474.40 0.29 -22.57 6.98
1186 1490.42 1471.92 0.37 78.14 3.52
1187 637.81 1473.24 0.20 -23.14 2.46
1188 1023.67 1477.50 0.08 78.01 3.83
1189 1740.52 1475.48 0.17 45.73 4.30
1190 768.72 1478.46 0.39 59.03 4.03
1191 1304.16 1479.58 0.09 43.91 6.79
1192 546.78 1476.62 0.09 -52.36 3.04
1193 524.86 1481.36 0.16 -30.60 5.17
1194 1055.92 1480.92 0.08 -11.60 3.04
1195 1397.23 1481.02 0.19 -66.67 3.04
1196 1511.72 1485.92 0.08 -27.46 5.61
1197 436.18 1488.15 0.12 -18.97 5.78
1198 1112.70 1485.10 0.55 -79.69 1.78
1199 1370.78 1489.43 0.31 77.85 4.07
1200 1925.08 1486.86 0.61 -84.34 2.11
1201 1630.05 1490.40 0.12 55.81 5.53
1202 1262.25 1489.59 0.26 -36.55 3.29
1203 122.27 1490.78 0.31 84.11 1.60
1204 1664.01 1489.76 0.42 -34.44 1.60
1205 1320.92 1493.45 0.56 -80.29 1.60
1206 1479.88 1493.15 0.21 42.90 1.60
1207 1604.90 1496.21 0.17 58.18 3.19
1208 1377.09 1498.68 0.77 -85.47 2.19
1209 1656.38 1499.62 0.63 -75.89 2.82
1210 1307.48 1499.77 0.09 -58.33 3.19
1211 965.88 1500.20 0.58 -32.45 2.33
1212 1130.77 1503.74 0.18 -68.34 3.74
1213 1268.05 1502.24 0.43 -21.64 2.52
1214 1243.37 1504.20 0.36 -21.89 2.59
1215 95.76 1506.21 0.37 -14.74 2.88
1216 1074.03 1505.78 0.10 67.33 2.11
1217 1163.77 1514.98 0.35 87.80 4.85
1218 1795.96 1511.58 0.11 -55.31 2.88
1219 1047.71 1515.99 0.36 12.43 5.97
1220 1566.09 1516.86 0.37 64.42 4.37
1221 1680.87 1514.30 0.39 65.50 2.93
1222 446.41 1513.67 0.15 -16.98 1.95
1223 1239.82 1517.38 0.25 47.34 4.18
1224 721.48 1519.25 0.11 -79.29 5.61
1225 1453.40 1514.81 0.11 38.99 2.03
1226 435.85 1523.55 0.28 -44.88 6.86
1227 1604.77 1516.95 0.34 84.03 1.78
1228 1272.58 1522.02 0.45 79.51 4.26
1229 556.80 1528.01 0.06 -23.39 6.77
1230 86.48 1527.97 0.25 10.14 5.53
1231 120.53 1528.42 0.65 -80.44 2.03
1232 1102.85 1529.99 0.14 23.55 4.85
1233 1924.19 1532.25 0.26 41.90 5.61
1234 715.26 1535.50 0.19 -79.28 5.08
1235 1970.23 1531.53 0.42 -13.52 4.11
1236 129.74 1533.32 0.15 18.26 4.22
1237 1458.36 1535.76 0.11 64.17 3.74
1238 1629.26 1534.22 0.37 -2.82 3.14
1239 382.49 1536.68 0.24 -26.73 3.87
1240 120.15 1542.87 0.81 -87.80 3.66
1241 1188.15 1535.67 0.50 73.55 2.03
1242 1366.72 1540.42 0.11 83.65 5.84
1243 1553.42 1538.68 0.10 49.09 5.38
1244 1280.29 1541.54 0.25 34.37 4.55
1245 539.67 1542.18 0.23 -19.83 2.82
1246 1501.64 1545.07 0.24 62.14 4.75
1247 626.20 1544.32 0.32 63.87 2.82
1248 741.33 1555.18 0.19 17.18 9.13
1249 763.60 1550.19 0.05 -54.22 8.18
1250 192.02 1545.29 0.17 61.00 2.65
1251 565.02 1546.53 0.14 -74.76 2.65
1252 785.45 1546.13 0.32 -73.19 2.11
1253 825.87 1553.12 0.09 62.48 7.33
1254 243.53 1558.43 0.29 -25.67 10.93
1255 292.49 1548.97 0.25 -15.80 2.52
1256 1274.26 1551.47 0.18 85.90 4.22
1257 1568.49 1556.42 0.16 63.35 6.38
1258 1533.51 1550.13 0.33 -43.26 1.87
1259 474.07 1555.56 0.19 -32.48 4.98
1260 553.68 1554.06 0.39 47.79 2.11
1261 1951.80 1556.12 0.19 60.50 3.74
1262 388.36 1556.99 0.54 -24.84 4.44
1263 1346.33 1558.38 0.19 78.17 4.62
1264 88.82 1558.73 0.06 -45.33 3.78
1265 1356.97 1555.68 0.43 40.65 1.69
1266 201.06 1558.95 0.01 76.90 4.03
1267 119.67 1559.04 0.65 -88.28 2.26
1268 712.10 1559.52 0.24 70.56 3.70
1269 721.12 1557.18 0.33 -5.99 2.39
1270 1274.65 1560.52 0.31 8.37 2.03
1271 13.23 1566.85 0.11 -64.34 3.43
1272 1088.64 1565.57 0.12 -86.85 2.52
1273 1179.98 1569.36 0.13 64.62 5.84
1274 1663.85 1565.69 0.27 7.71 4.03
1275 1764.52 1567.95 0.13 51.62 4.95
1276 603.68 1567.61 0.04 25.90 3.19
1277 1566.74 1570.01 0.30 43.87 4.15
1278 958.44 1570.47 0.06 -88.08 5.38
1279 1973.85 1570.28 0.13 27.57 4.07
1280 977.30 1570.26 0.28 -50.74 2.59
1281 525.74 1572.08 0.13 20.83 2.52
1282 545.99 1573.28 0.13 -50.13 1.78
1283 419.74 1575.64 0.27 28.32 3.43
1284 361.10 1579.37 0.42 -25.83 5.17
1285 1194.38 1577.97 0.83 -71.77 1.60
1286 118.45 1586.61 0.73 -89.56 3.95
1287 1536.27 1581.61 0.58 -86.14 3.14
1288 887.52 1585.54 0.09 -75.79 5.94
1289 329.47 1582.75 0.58 -16.18 4.33
1290 714.42 1581.26 0.23 -39.61 1.60
1291 174.17 1582.80 0.39 -70.49 1.78
1292 268.74 1583.13 0.30 19.97 1.69
1293 1838.73 1587.81 0.18 58.45 4.89
1294 1300.89 1584.88 0.35 16.57 2.33
1295 938.37 1590.11 0.07 -87.21 2.99
1296 1809.93 1592.32 0.24 42.23 5.20
1297 1566.03 1592.12 0.42 -2.43 4.65
1298 1726.76 1590.86 0.36 13.30 4.41
1299 837.28 1591.38 0.47 78.62 2.39
1300 1216.18 1592.67 0.23 51.36 2.71
1301 1375.61 1596.58 0.09 7.30 7.25
1302 439.71 1594.66 0.26 76.32 1.69
1303 1397.30 1595.20 0.14 87.46 3.70
1304 1941.92 1598.26 0.40 41.01 5.05
1305 1497.02 1599.37 0.29 75.50 3.99
1306 937.64 1597.72 0.24 1.21 2.39
1307 1161.25 1600.08 0.26 41.00 2.99
1308 1624.75 1599.54 0.17 -27.60 1.69
1309 1152.65 1609.37 0.15 -58.86 4.07
1310 451.75 1612.95 0.59 -78.63 2.46
1311 923.11 1608.14 0.23 -45.36 1.60
1312 1370.72 1608.84 0.51 36.48 1.60
1313 117.22 1610.74 0.37 -72.33 1.78
1314 1279.16 1610.71 0.36 28.61 1.78
1315 290.26 1614.06 0.15 23.80 3.24
1316 1221.34 1615.01 0.18 56.40 2.33
1317 1099.59 1622.01 0.46 -42.43 6.26
1318 940.57 1621.69 0.15 -87.35 4.75
1319 1477.73 1623.24 0.25 -44.57 5.92
1320 1073.44 1621.07 0.18 -59.83 3.48
1321 1979.65 1620.93 0.23 27.95 1.87
1322 1519.89 1621.27 0.52 10.18 1.87
1323 1608.36 1627.79 0.41 -89.23 5.41
1324 1360.13 1624.02 0.43 71.81 2.11
1325 457.51 1625.34 0.31 73.22 1.87
1326 753.36 1624.72 0.28 -21.23 2.88
1327 1856.42 1631.26 0.30 45.47 6.63
1328 308.91 1629.48 0.36 4.40 1.87
1329 790.86 1633.76 0.13 -67.77 3.95
1330 903.37 1631.08 0.36 -19.64 1.60
1331 772.54 1634.56 0.36 -32.32 4.51
1332 1043.95 1634.14 0.34 -77.49 2.59
1333 571.20 1636.90 0.16 -50.47 4.98
1334 1904.02 1640.42 0.15 3.77 7.46
1335 116.36 1637.16 0.76 -89.11 2.33
1336 618.21 1635.88 0.46 -76.47 2.19
1337 1156.29 1635.60 0.03 86.37 2.39
1338 1295.61 1637.17 0.19 60.01 3.66
1339 967.88 1635.78 0.29 -86.80 1.69
1340 1877.77 1642.92 0.28 45.37 8.37
1341 708.79 1638.74 0.25 70.17 3.34
1342 507.70 1638.07 0.61 -10.05 1.95
1343 1663.71 1644.60 0.44 44.17 5.78
1344 1474.50 1644.11 0.13 -61.11 3.34
1345 125.82 1648.86 0.19 -7.70 2.52
1346 497.32 1650.54 0.33 -52.34 3.34
1347 901.70 1649.28 0.07 28.29 2.88
1348 155.85 1654.24 0.30 -28.54 4.62
1349 719.94 1654.03 0.34 -79.10 2.11
1350 1166.18 1655.56 0.21 88.67 3.39
1351 468.86 1659.35 0.41 61.79 2.39
1352 1139.89 1658.83 0.14 25.17 2.82
1353 1580.99 1661.64 0.42 53.53 2.88
1354 308.70 1660.28 0.22 -2.63 1.69
1355 693.13 1661.01 0.25 -69.52 2.19
1356 1212.87 1672.68 0.11 72.82 12.07
1357 293.64 1661.68 0.49 2.65 2.88
1358 1985.72 1661.98 0.12 2.49 1.78
1359 342.50 1669.26 0.26 86.69 2.65
1360 260.01 1673.73 0.25 -35.58 5.23
1361 321.02 1668.94 0.39 -58.39 1.60
1362 821.28 1670.52 0.18 71.85 2.82
1363 1662.10 1674.26 0.41 66.46 2.82
1364 473.05 1672.30 0.39 70.29 1.60
1365 980.38 1674.15 0.10 67.30 3.24
1366 1847.61 1676.18 0.34 50.93 3.74
1367 19.93 1676.52 0.21 -18.23 3.91
1368 1381.74 1680.17 0.19 64.79 5.97
1369 1457.42 1680.66 0.17 -81.57 7.09
1370 681.58 1682.05 0.19 -68.52 6.26
1371 1116.37 1678.16 0.31 -86.89 2.46
1372 1352.32 1679.11 0.20 67.88 4.07
1373 1363.10 1677.05 0.14 82.25 2.59
1374 1981.35 1677.98 0.15 -33.63 3.48
1375 348.42 1679.06 0.54 20.05 2.03
1376 1232.55 1680.43 0.02 -5.09 3.09
1377 955.76 1688.12 0.14 81.32 7.16
1378 1777.01 1683.98 0.14 22.98 5.11
1379 774.21 1681.78 0.34 5.24 1.60
1380 1596.98 1683.39 0.55 64.08 1.69
1381 822.81 1685.82 0.24 -71.84 3.66
1382 327.40 1689.63 0.16 -39.65 6.53
1383 590.88 1700.11 0.25 75.41 13.58
1384 1718.31 1691.48 0.29 54.21 7.72
1385 114.29 1689.57 0.80 -88.89 2.82
1386 1243.07 1686.98 0.10 -83.16 2.65
1387 1909.41 1688.63 0.31 29.22 2.93
1388 984.95 1690.02 0.47 -10.35 2.46
1389 1002.47 1690.40 0.20 -8.61 3.39
1390 347.11 1690.59 0.57 54.42 1.60
1391 919.77 1695.86 0.07 36.36 4.92
1392 436.41 1696.92 0.43 70.16 1.78
1393 443.93 1698.04 0.71 -64.49 1.69
1394 1323.04 1700.45 0.19 85.98 3.48
1395 912.73 1706.71 0.50 62.96 5.75
1396 1305.96 1701.50 0.19 45.43 2.71
1397 860.70 1704.07 0.56 76.21 2.11
1398 1701.38 1706.85 0.15 35.77 5.01
1399 827.71 1708.40 0.21 -85.82 4.07
1400 360.46 1706.56 0.65 -86.63 1.60
1401 1221.67 1709.85 0.10 23.36 4.92
1402 1481.60 1714.51 0.30 63.75 5.05
1403 1596.66 1710.37 0.70 -43.65 1.69
1404 1788.03 1713.23 0.31 74.01 3.83
1405 324.60 1717.44 0.18 16.86 4.03
1406 298.02 1723.68 0.34 -36.87 8.70
1407 1340.54 1720.29 0.29 -86.43 3.99
1408 1812.03 1726.35 0.36 34.18 9.74
1409 1862.65 1718.55 0.59 -2.31 2.88
1410 575.04 1729.36 0.57 -66.81 7.38
1411 900.20 1724.34 0.29 88.07 3.83
1412 285.67 1723.69 0.63 16.53 1.78
1413 1261.85 1730.55 0.15 -78.79 7.27
1414 1560.00 1724.78 0.38 -65.14 1.69
1415 1790.27 1725.18 0.14 38.62 1.87
1416 1477.59 1727.46 0.39 -28.48 2.52
1417 1055.49 1730.50 0.58 -45.42 1.78
1418 1390.18 1732.01 0.23 -19.70 4.22
1419 51.03 1731.40 0.69 37.39 1.60
1420 867.87 1739.51 0.17 -69.96 5.78
1421 394.94 1743.56 0.84 -89.98 2.99
1422 785.88 1746.89 0.25 -78.29 6.70
1423 1275.98 1742.70 0.36 80.56 4.18
1424 610.03 1742.67 0.26 -60.63 4.51
1425 295.44 1740.98 0.24 -25.96 2.59
1426 1385.90 1740.87 0.21 -41.99 1.60
1427 1041.34 1746.15 0.26 69.83 3.52
1428 1674.26 1744.03 0.28 72.84 2.11
1429 908.64 1744.95 0.52 -15.81 1.78
1430 1373.56 1754.91 0.35 50.66 3.43
1431 834.83 1754.69 0.19 89.29 2.11
1432 1883.80 1756.99 0.11 43.93 3.04
1433 181.26 1755.53 0.41 26.34 1.87
1434 1321.10 1758.31 0.39 74.97 3.48
1435 1432.50 1761.68 0.25 70.22 5.67
1436 934.54 1766.75 0.57 -58.36 7.38
1437 538.93 1767.58 0.20 63.61 8.33
1438 912.85 1762.17 0.17 43.31 1.60
1439 111.26 1767.33 0.53 77.04 2.39
1440 1134.84 1766.77 0.39 -9.94 2.33
1441 394.05 1769.06 0.55 -84.50 2.33
1442 1705.65 1770.05 0.46 -83.33 2.76
1443 983.10 1776.36 0.13 81.95 7.33
1444 1692.61 1772.38 0.52 44.83 2.76
1445 1629.73 1772.28 0.43 -79.48 2.19
1446 1599.60 1777.12 0.30 47.52 5.84
1447 1206.13 1774.47 0.34 52.78 2.52
1448 745.84 1776.81 0.13 -23.85 3.61
1449 1112.95 1775.54 0.38 -77.48 2.03
1450 1578.82 1781.14 0.34 60.04 5.64
1451 1791.06 1775.99 0.46 34.88 2.19
1452 393.60 1779.79 0.82 -85.55 2.03
1453 1223.77 1777.27 0.14 -86.63 2.82
1454 1017.10 1778.93 0.23 12.22 2.03
1455 793.22 1782.97 0.10 -69.96 4.82
1456 878.39 1783.47 0.43 76.89 2.93
1457 1718.69 1784.14 0.10 4.18 4.95
1458 474.07 1794.52 0.26 -49.92 8.85
1459 1244.06 1787.23 0.22 -14.24 2.19
1460 1689.92 1788.23 0.42 83.18 2.11
1461 495.03 1794.78 0.32 -45.26 6.63
1462 682.34 1788.57 0.16 -51.57 2.03
1463 829.78 1790.50 0.30 -87.57 2.76
1464 741.80 1791.61 0.54 51.63 2.03
1465 1843.99 1790.67 0.46 6.11 2.76
1466 1650.42 1794.14 0.18 -63.15 2.46
1467 110.03 1797.27 0.73 83.00 2.71
1468 1473.59 1796.43 0.76 -89.73 1.78
1469 1508.78 1801.15 0.57 -80.90 5.56
1470 1801.76 1796.05 0.29 37.48 3.29
1471 668.49 1801.18 0.17 -89.04 3.57
1472 792.08 1800.99 0.52 73.64 1.95
1473 1318.82 1801.42 0.44 75.41 2.52
1474 1779.38 1808.08 0.35 88.39 6.77
1475 1676.56 1803.26 0.11 -54.87 2.59
1476 1362.47 1813.77 0.53 77.38 7.78
1477 447.05 1806.51 0.36 -23.13 2.26
1478 1109.99 1808.90 0.25 -77.67 2.99
1479 890.17 1815.39 0.06 -71.48 4.15
1480 245.47 1813.73 0.29 -16.08 3.09
1481 1471.21 1817.84 0.47 -0.23 3.61
1482 109.20 1818.93 0.67 -77.96 1.95
1483 1494.95 1825.66 0.26 64.24 8.25
1484 599.39 1822.90 0.60 89.37 1.60
1485 895.84 1823.08 0.21 45.92 1.60
1486 1692.13 1825.31 0.10 80.78 3.34
1487 453.92 1825.05 0.21 -52.02 2.71
1488 757.52 1831.05 0.14 24.29 3.09
1489 1188.25 1832.38 0.17 69.62 4.75
1490 583.55 1836.92 0.28 -58.36 7.05
1491 1567.05 1833.63 0.22 74.09 3.78
1492 146.41 1831.95 0.10 63.42 2.33
1493 513.11 1837.23 0.23 -58.44 5.26
1494 1209.59 1837.36 0.27 -87.81 4.51
1495 232.11 1835.30 0.12 -36.77 1.69
1496 1486.44 1840.05 0.16 31.92 4.07
1497 332.11 1842.99 0.55 -86.65 2.88
1498 498.20 1844.74 0.17 52.20 2.52
1499 596.60 1844.03 0.35 -38.65 2.46
1500 1729.41 1856.34 0.34 54.23 9.93
1501 93.87 1847.21 0.52 -56.14 1.87
1502 108.16 1847.09 0.43 -77.98 1.95
1503 1095.55 1854.70 0.26 81.39 4.75
1504 1560.47 1850.87 0.40 -65.71 1.78
1505 909.30 1862.40 0.30 -87.63 7.07
1506 1421.51 1856.80 0.37 50.44 2.65
1507 107.41 1860.41 0.71 60.31 1.78
1508 597.58 1861.08 0.13 -35.06 2.65
1509 643.17 1864.46 0.27 -68.30 4.22
1510 1244.60 1866.58 0.29 71.00 5.47
1511 353.19 1866.63 0.24 -80.69 2.26
1512 1985.87 1869.13 0.31 41.83 3.57
1513 1390.47 1876.86 0.29 70.60 8.37
1514 1824.96 1870.34 0.27 -76.77 1.87
1515 1921.05 1872.24 0.23 -51.52 3.04
1516 1226.86 1880.32 0.22 85.26 6.41
1517 1409.82 1878.14 0.27 32.21 4.26
1518 1860.89 1882.68 0.32 32.39 5.08
1519 1607.81 1880.45 0.77 -56.93 1.69
1520 624.60 1892.29 0.29 -64.55 7.48
1521 1147.82 1888.98 0.27 -16.54 6.48
1522 1174.72 1885.49 0.15 70.53 3.34
1523 474.45 1886.77 0.22 -58.23 3.87
1524 994.90 1885.46 0.40 85.76 1.95
1525 709.76 1892.21 0.46 -45.37 3.39
1526 1019.26 1893.74 0.38 -66.83 5.35
1527 1164.04 1893.95 0.26 62.46 4.79
1528 1008.32 1893.55 0.67 -73.87 1.78
1529 1130.69 1892.20 0.41 -17.74 1.78
1530 1445.89 1894.94 0.11 -85.82 2.59
1531 1041.95 1896.01 0.44 42.30 3.43
1532 1492.19 1903.40 0.18 71.47 4.51
1533 1785.36 1905.81 0.43 55.81 6.53
1534 724.88 1903.67 0.38 -6.58 1.95
1535 344.28 1910.13 0.26 -40.57 1.78
1536 1592.89 1912.54 0.16 89.79 3.39
1537 1839.45 1923.43 0.36 53.17 10.98
1538 1756.94 1918.60 0.46 61.95 6.79
1539 964.51 1919.99 0.64 79.06 1.60
1540 1559.96 1924.62 0.21 52.16 4.37
1541 582.00 1927.33 0.23 -20.63 2.19
1542 1929.63 1930.48 0.54 44.85 1.87
1543 600.69 1933.27 0.11 -65.32 2.03
1544 451.13 1936.08 0.51 -56.85 1.95
1545 778.11 1937.70 0.18 -62.42 3.70
1546 652.05 1940.94 0.18 80.77 4.72
1547 1091.76 1939.69 0.09 -9.42 2.52
1548 1370.21 1948.03 0.44 89.60 7.02
1549 908.10 1941.20 0.23 -44.91 1.60
1550 133.38 1947.00 0.39 -38.91 5.32
1551 105.01 1944.55 0.37 63.91 1.78
1552 599.41 1949.87 0.17 -52.10 4.79
1553 949.80 1948.78 0.21 70.55 2.71
1554 1230.89 1950.56 0.05 67.65 4.30
1555 1502.37 1952.68 0.28 88.51 3.87
1556 1343.87 1955.34 0.38 55.96 4.44
1557 1548.30 1959.89 0.33 67.24 5.97
1558 212.28 1956.27 0.56 -53.38 2.76
1559 1947.65 1957.35 0.37 41.82 4.11
1560 489.71 1959.38 0.15 -76.97 4.82
1561 1142.20 1960.45 0.26 -79.05 3.48
1562 731.56 1961.60 0.32 35.07 4.15
1563 1275.70 1968.13 0.22 74.82 8.79
1564 1783.49 1961.31 0.41 66.15 4.37
1565 297.14 1963.17 0.39 -50.56 4.15
1566 1459.10 1965.30 0.40 73.78 3.91
1567 104.10 1963.89 0.59 -74.08 2.03
1568 913.27 1963.38 0.09 -21.74 2.46
1569 88.75 1965.91 0.38 -51.74 1.87
1570 213.45 1967.30 0.62 85.85 1.69
1571 1081.54 1969.09 0.38 85.44 2.19
1572 349.87 1972.12 0.22 -17.14 4.07
1573 277.46 1973.58 0.26 63.74 2.11
1574 819.56 1975.73 0.41 -20.48 1.60
1575 833.27 1979.23 0.20 -50.25 4.03
1576 1676.67 1979.65 0.26 -88.22 2.19
1577 665.51 1983.00 0.19 -87.06 2.52
1578 475.79 1983.04 0.28 10.92 1.69
1579 104.37 1988.63 0.44 -33.65 3.14
1580 239.22 1990.88 0.25 -27.86 1.78
1581 1674.48 1991.06 0.58 -9.77 1.95
1582 1037.51 1997.50 0.25 78.42 4.51
1583 240.63 2006.29 0.34 -44.84 10.00
1584 316.69 2000.99 0.33 -61.61 3.99
1585 370.17 1999.03 0.25 -18.99 3.78
1586 1450.46 2001.41 0.30 69.12 4.48
1587 1597.37 1997.54 0.27 -2.95 1.60
1588 1862.81 2006.59 0.46 34.82 8.61
1589 180.13 2002.45 0.24 -71.95 2.93
1590 1632.19 2001.57 0.17 -68.23 2.46
1591 1967.27 2001.70 0.27 27.65 2.19
1592 101.93 2002.56 0.36 -89.66 1.87
1593 433.83 2004.17 0.34 -64.59 2.26
1594 1190.79 2004.86 0.18 66.77 4.07
1595 1725.78 2014.57 0.35 58.71 11.20
1596 424.61 2004.36 0.12 -45.21 2.03
1597 743.87 2009.40 0.26 -65.30 5.23
1598 1586.80 2005.35 0.18 -88.79 2.19
1599 1792.31 2010.45 0.33 50.69 6.02
1600 1265.23 2006.11 0.40 82.98 1.60
1601 1024.65 2008.52 0.57 39.28 1.60
1602 336.87 2013.83 0.24 -47.04 5.59
1603 1267.46 2015.78 0.11 26.62 4.89
1604 1016.00 2016.64 0.23 67.91 4.72
1605 853.86 2020.06 0.19 -51.74 4.07
1606 1201.16 2019.82 0.21 -75.30 3.61
1607 471.85 2020.17 0.52 -6.11 1.60
1608 1943.72 2034.66 0.28 53.71 12.22
1609 1421.47 2029.48 0.48 40.24 3.91
1610 941.04 2031.14 0.07 -26.36 3.95
1611 1506.09 2031.26 0.26 82.45 3.57
1612 749.34 2029.47 0.26 40.04 1.69
1613 1157.57 2037.42 0.33 76.62 6.75
1614 1279.94 2041.44 0.36 67.42 5.26
1615 1731.52 2038.68 0.53 35.49 2.33
1616 1236.54 2046.32 0.55 17.41 3.61
1617 386.17 22.36 0.95 -0.63 42.84
1618 1988.13 469.41 0.67 76.32 38.51
1619 63.56 452.38 0.76 -88.56 47.56
1620 2031.05 1188.12 0.99 -88.59 28.43
1621 405.41 1429.02 0.91 -89.96 26.77
1622 403.33 1576.40 0.87 -86.86 24.52
1623 406.05 1633.63 0.17 76.48 20.76
1624 393.52 1651.95 0.10 82.82 36.58
1625 414.64 1654.45 0.41 -22.51 31.68
1626 404.18 1668.96 0.33 76.32 12.57
1627 461.34 1871.12 0.49 19.98 47.28
1628 1983.23 1802.45 0.59 -73.01 30.67
1629 19.92 1899.86 0.97 89.49 32.36
1630 14.87 2012.84 0.88 2.88 16.53
1631 189.26 82.44 0.39 81.22 2.71
1632 185.11 95.10 0.30 84.66 7.46
1633 180.74 104.64 0.17 -35.39 2.82
1634 834.52 94.13 0.19 -85.77 3.78
1635 840.87 100.99 0.15 77.65 6.56
1636 243.07 98.87 0.36 40.14 6.72
1637 253.04 111.88 0.34 48.00 6.56
1638 1029.75 190.02 0.73 -87.14 30.31
1639 1019.78 188.15 0.09 -44.24 21.27
1640 1037.25 200.55 0.48 -66.38 6.48
1641 1044.88 204.54 0.53 -79.97 27.58
1642 878.49 187.85 0.43 11.75 2.82
1643 882.33 192.37 0.29 -48.48 3.14
1644 1081.77 313.09 0.09 -67.40 3.19
1645 1086.85 318.79 0.40 -74.77 3.34
1646 532.61 335.54 0.14 -74.71 7.76
1647 528.63 348.20 0.37 10.33 2.99
1648 511.58 356.36 0.18 54.39 6.28
1649 541.93 379.12 0.13 56.60 20.91
1650 525.62 362.80 0.45 -11.10 4.98
1651 1050.29 433.54 0.06 -68.43 6.02
1652 1048.53 444.60 0.03 -68.02 3.57
1653 397.84 444.34 0.27 55.38 7.25
1654 388.26 439.02 0.12 83.60 2.26
1655 1494.79 481.09 0.15 10.81 4.37
1656 1498.79 489.21 0.05 72.32 3.39
1657 441.47 490.24 0.31 68.33 5.14
1658 433.30 491.86 0.31 25.60 7.44
1659 661.44 491.43 0.13 74.98 6.13
1660 652.30 489.85 0.12 86.80 3.87
1661 374.69 493.11 0.33 36.37 5.75
1662 371.76 498.91 0.28 37.67 6.26
1663 1738.54 518.72 0.61 55.44 10.26
1664 1749.56 531.52 0.03 48.83 1.95
1665 947.59 507.61 0.49 16.57 2.76
1666 938.02 511.59 0.14 5.86 5.61
1667 421.56 521.39 0.18 29.92 7.78
1668 433.30 526.01 0.12 46.79 5.67
1669 106.75 533.90 0.16 29.55 10.28
1670 121.32 542.58 0.27 33.27 5.50
1671 1598.22 571.52 0.16 -47.49 3.70
1672 1595.64 581.82 0.11 -53.69 5.64
1673 1049.20 586.87 0.15 58.40 5.05
1674 1050.85 596.49 0.33 -7.54 6.53
1675 615.23 664.94 0.08 26.37 3.04
1676 610.82 672.74 0.27 50.89 8.35
1677 619.22 670.97 0.16 50.54 4.07
1678 714.78 693.33 0.11 -84.33 16.70
1679 707.24 737.06 0.37 43.85 32.17
1680 692.28 743.01 0.17 -0.20 26.61
1681 704.81 750.80 0.64 49.99 8.78
1682 699.45 784.85 0.93 -88.15 31.41
1683 704.27 983.82 0.87 84.25 17.22
1684 51.29 698.68 0.74 -89.05 3.04
1685 50.19 712.33 0.79 89.57 3.14
1686 1784.68 698.45 0.14 -40.24 5.20
1687 1776.31 703.74 0.14 -41.45 4.89
1688 1210.99 696.21 0.18 -89.41 1.78
1689 1210.50 701.47 0.26 -78.47 2.65
1690 1342.62 736.90 0.62 -69.05 5.14
1691 1343.24 750.18 0.54 79.37 4.07
1692 2013.81 734.47 0.25 -33.49 5.38
1693 2007.39 745.09 0.49 -50.47 5.41
1694 49.81 733.42 0.55 -48.18 1.95
1695 50.43 737.96 0.71 -59.68 2.11
1696 62.37 735.86 0.64 -82.33 2.26
1697 62.72 742.22 0.65 -86.79 1.95
1698 47.94 779.09 0.28 -88.10 2.26
1699 47.67 785.04 0.69 83.76 2.11
1700 717.43 788.27 0.10 -81.11 2.26
1701 713.81 791.66 0.68 77.90 2.19
1702 1921.84 844.24 0.23 -63.21 3.09
1703 1930.00 850.35 0.11 -20.82 8.56
1704 1825.62 1039.69 0.05 -66.51 7.51
1705 1814.80 1046.29 0.02 -13.55 9.44
1706 450.00 1065.04 0.09 26.15 12.33
1707 463.25 1060.50 0.28 29.89 3.09
1708 469.08 1073.13 0.14 41.39 6.63
1709 139.36 1061.71 0.80 86.69 3.29
1710 138.63 1076.41 0.78 -86.83 3.24
1711 138.12 1086.00 0.56 75.45 2.46
1712 95.76 1104.70 0.14 4.71 8.18
1713 81.86 1105.06 0.19 -9.10 6.84
1714 130.43 1118.87 0.76 86.48 2.11
1715 130.46 1130.71 0.82 -89.85 3.48
1716 779.22 1134.86 0.29 -3.77 5.05
1717 789.30 1133.85 0.46 -3.48 1.78
1718 1635.41 1141.57 0.14 75.02 2.71
1719 1640.77 1148.41 0.14 -70.18 5.47
1720 363.08 1161.68 0.14 -74.41 4.51
1721 375.59 1168.31 0.52 63.20 8.44
1722 368.77 1176.11 0.10 -1.85 4.89
1723 289.94 1164.25 0.20 3.18 6.31
1724 302.15 1168.42 0.24 71.48 6.53
1725 526.03 1169.97 0.04 2.73 5.08
1726 529.83 1177.61 0.12 -11.47 2.46
1727 416.77 1209.20 0.18 13.74 5.29
1728 415.09 1220.07 0.10 0.97 7.42
1729 404.16 1220.98 0.28 -70.13 5.11
1730 407.17 1236.17 0.18 -43.50 9.34
1731 1001.62 1217.20 0.06 -89.92 9.17
1732 1000.73 1229.84 0.15 -39.17 3.83
1733 1827.85 1219.38 0.08 22.97 8.27
1734 1817.52 1229.29 0.06 24.51 5.89
1735 1531.91 1235.96 0.14 55.46 4.15
1736 1524.35 1236.02 0.11 -32.30 2.33
1737 942.94 1247.81 0.09 76.32 6.68
1738 930.73 1248.09 0.16 -17.44 3.48
1739 935.81 1253.74 0.06 -55.50 5.23
1740 1221.24 1251.02 0.04 -74.41 5.01
1741 1227.59 1257.95 0.20 45.68 4.30
1742 732.12 1252.33 0.29 45.07 5.17
1743 740.60 1251.87 0.13 -67.80 4.55
1744 401.65 1266.71 0.30 58.70 3.04
1745 402.58 1274.35 0.03 -84.09 5.01
1746 585.19 1272.35 0.29 80.91 6.82
1747 578.50 1273.92 0.28 73.61 5.61
1748 344.27 1273.69 0.10 -13.18 4.79
1749 335.65 1278.75 0.41 -9.66 5.26
1750 1212.92 1275.58 0.07 -50.40 2.52
1751 1211.98 1285.95 0.42 30.47 8.57
1752 716.29 1289.96 0.08 -65.43 6.28
1753 718.73 1300.70 0.02 -78.44 5.14
1754 1060.68 1298.36 0.18 79.23 4.07
1755 1064.93 1304.80 0.35 13.56 2.39
1756 945.66 1310.44 0.07 -81.19 8.56
1757 976.99 1315.99 0.29 42.76 17.91
1758 959.78 1309.90 0.18 77.09 6.13
1759 904.86 1310.86 0.37 -84.01 5.75
1760 897.76 1315.26 0.12 59.07 2.65
1761 903.78 1323.44 0.22 -56.13 7.07
1762 704.64 1329.27 0.26 48.40 4.37
1763 712.83 1341.14 0.37 44.61 6.96
1764 702.87 1343.79 0.19 -53.16 3.78
1765 1046.11 1336.80 0.12 -73.01 6.33
1766 1041.27 1349.91 0.33 -49.62 5.14
1767 1072.39 1356.56 0.14 -80.93 9.85
1768 1082.08 1360.92 0.60 -84.08 2.46
1769 416.60 1361.31 0.29 -50.02 6.48
1770 412.10 1373.33 0.46 -38.09 2.65
1771 413.98 1376.96 0.36 -69.35 1.95
1772 414.02 1381.48 0.63 19.39 3.09
1773 1151.31 1375.69 0.24 -76.21 4.48
1774 1143.94 1377.78 0.13 -29.38 3.24
1775 126.15 1392.18 0.74 89.99 2.88
1776 125.12 1400.98 0.51 -88.12 2.39
1777 125.39 1407.64 0.56 -85.95 2.19
1778 1452.99 1438.42 0.05 76.63 11.60
1779 1459.25 1452.19 0.16 66.29 5.23
1780 124.26 1440.85 0.81 -84.91 3.19
1781 124.36 1450.88 0.53 85.83 2.71
1782 1207.60 1439.84 0.43 -36.14 3.29
1783 1208.54 1454.51 0.47 76.79 7.48
1784 1200.88 1459.61 0.28 19.91 3.66
1785 1108.70 1444.42 0.13 -75.26 5.61
1786 1106.59 1454.42 0.13 -89.63 4.41
1787 739.33 1446.18 0.18 66.16 4.07
1788 744.16 1452.80 0.13 12.96 3.29
1789 123.13 1458.87 0.21 41.19 1.60
1790 123.39 1467.15 0.81 87.65 3.14
1791 459.98 1464.40 0.23 -32.73 5.17
1792 467.38 1469.60 0.14 -26.86 4.48
1793 1332.91 1473.06 0.21 47.10 4.03
1794 1326.09 1477.18 0.19 8.93 5.97
1795 1575.20 1480.36 0.25 -64.92 4.92
1796 1580.01 1487.58 0.17 66.83 2.76
1797 485.15 1499.64 0.10 -18.32 8.70
1798 480.73 1508.31 0.26 12.65 3.74
1799 121.93 1498.36 0.65 -83.54 1.87
1800 121.52 1510.72 0.81 -87.50 3.52
1801 120.47 1521.16 0.17 -83.41 2.33
1802 1144.77 1508.56 0.17 64.71 3.78
1803 1145.41 1518.16 0.13 75.49 4.95
1804 1309.36 1514.87 0.11 67.81 6.56
1805 1328.41 1528.13 0.09 -14.39 10.03
1806 1317.62 1535.13 0.10 -83.76 6.13
1807 422.98 1541.93 0.18 -30.62 8.27
1808 428.70 1549.34 0.23 -33.58 4.26
1809 1446.44 1587.77 0.23 67.54 3.99
1810 1439.46 1593.70 0.36 -88.67 6.23
1811 247.69 1603.86 0.30 -30.70 5.94
1812 238.38 1611.36 0.23 3.77 2.99
1813 117.01 1617.93 0.45 85.74 2.99
1814 116.97 1623.30 0.27 -76.03 1.87
1815 117.22 1627.72 0.26 72.94 2.11
1816 1642.22 1639.77 0.66 -88.54 5.56
1817 1634.17 1645.75 0.48 -32.62 4.95
1818 1637.57 1655.61 0.57 46.98 4.92
1819 1643.54 1655.43 0.51 60.01 2.52
1820 1641.63 1666.85 0.66 86.19 4.95
1821 1642.48 1681.15 0.57 79.67 1.78
1822 185.37 1653.51 0.36 -30.45 11.27
1823 182.41 1715.99 0.26 -31.22 25.87
1824 863.36 1646.96 0.30 -48.45 3.66
1825 869.12 1650.46 0.24 3.39 3.34
1826 1397.60 1665.74 0.23 30.40 8.52
1827 1387.21 1659.66 0.57 -46.36 1.60
1828 699.15 1700.81 0.19 -54.61 4.30
1829 691.06 1702.61 0.27 88.99 3.61
1830 697.59 1707.64 0.16 -57.46 2.26
1831 113.41 1705.77 0.26 78.77 2.03
1832 113.14 1712.81 0.41 -85.50 2.65
1833 518.01 1774.21 0.24 55.76 4.89
1834 510.47 1780.05 0.24 -27.27 6.56
1835 1479.02 1785.26 0.08 47.39 6.15
1836 1482.65 1794.66 0.08 57.12 7.05
1837 1380.96 1785.34 0.43 51.75 2.76
1838 1372.28 1786.24 0.56 -3.74 4.98
1839 1002.49 1805.22 0.21 59.19 5.53
1840 996.95 1812.29 0.25 59.09 5.05
1841 1345.15 1848.79 0.16 -33.59 4.26
1842 1340.45 1859.07 0.24 -17.83 7.69
1843 1955.91 1915.87 0.29 40.94 5.20
1844 1963.25 1923.49 0.42 34.67 6.13
1845 1532.16 1953.04 0.40 48.72 5.14
1846 1530.44 1962.80 0.15 53.89 5.64
1847 594.70 1971.21 0.30 -46.63 3.19
1848 587.63 1980.32 0.30 -62.23 6.46
1849 40.11 1986.77 0.54 -53.73 1.60
1850 42.47 1992.08 0.35 38.99 3.29