NUMBER xcentroid ycentroid ellipticity orientation type redshift med_flux
5 604.72 24.05 0.26 36.93 3.04 1 0 0.234 1.6362489078366798e-15
18 592.71 49.59 0.35 18.34 1.6 1 0 0.253 6.512577456993811e-16
26 1898.55 68.46 0.03 -72.76 1.95 1 0 0.240 1.5031645734717419e-15
27 1048.9 73.74 0.22 31.54 2.46 1 0 0.237 6.551285274496556e-16
34 342.58 84.81 0.33 34.82 1.95 1 0 0.248 9.15261662913871e-16
37 1641.56 102.21 0.64 78.3 2.33 1 0 0.252 1.0487328795774674e-15
38 1063.91 102.12 0.2 44.92 1.6 1 0 0.231 4.75022429567316e-16
53 1653.54 160.39 0.37 -51.52 3.19 1 0 0.246 2.537044942077342e-15
71 665.79 219.13 0.06 77.69 4.65 2 0 0.255 5.4105266274195873e-14
81 1973.94 238.24 0.29 -37.8 3.74 1 0 0.250 1.2854072258092382e-15
94 1581.45 284.86 0.19 -89.09 5.14 1 0 0.245 3.1390833502172293e-15
128 772.25 391.94 0.1 -16.94 4.37 1 0 0.245 7.140281069314622e-15
136 805.98 409.69 0.32 44.11 3.04 2 0 0.250 8.584467691581112e-16
159 1765.64 493.09 0.49 32.29 1.6 1 0 0.243 1.5765398613188297e-15
166 1532.94 517.11 0.32 -47.43 4.79 1 0 0.245 3.3749191338312183e-15
167 944.73 520.78 0.31 53.0 6.53 1 0 0.244 4.456488092641946e-15
175 1446.76 535.65 0.3 -33.65 8.35 1 0 0.245 1.4485562746589624e-14
195 1982.68 578.22 0.04 16.76 4.3 1 0 0.246 5.243818769641974e-15
197 739.04 579.03 0.56 39.83 1.87 1 0 0.248 4.965948764262254e-16
203 1040.13 591.75 0.21 -32.11 2.26 1 0 0.247 8.479267787718904e-16
207 1966.28 599.0 0.3 -0.24 3.19 1 0 0.247 3.910054432873988e-15
210 1968.67 611.75 0.32 7.05 7.14 1 0 0.247 4.955020345176779e-15
223 298.44 660.37 0.54 38.78 2.59 1 0 0.245 8.927516564614696e-16
231 294.95 684.95 0.51 -28.06 2.46 2 0 0.244 -4.944281661471489e-16
234 1380.12 695.27 0.73 -74.23 1.69 2 0 0.251 -1.2578571615624369e-17
236 825.96 701.01 0.02 39.79 1.69 2 0 0.243 -1.0860465205537017e-16
246 820.69 737.28 0.24 47.31 4.44 1 0 0.246 2.1609978888802173e-15
249 755.31 743.51 0.31 52.71 2.03 2 0 0.242 1.6848636226905116e-15
258 724.65 771.2 0.42 79.39 4.37 1 0 0.245 3.4285022263162886e-15
264 1894.1 779.1 0.41 -24.64 1.87 1 0 0.250 3.0211537058280917e-16
275 341.55 803.28 0.57 35.38 8.12 1 0 0.246 8.04410842271527e-15
288 407.84 829.11 0.21 43.68 1.6 1 0 0.244 1.7462918284539327e-16
293 1410.5 850.97 0.27 -71.02 2.52 1 0 0.244 1.037746544614224e-15
294 1401.09 851.66 0.25 -75.63 1.87 2 0 0.244 -1.4663678211166797e-16
301 435.21 864.24 0.32 26.41 2.52 1 0 0.246 1.8994421615810882e-15
311 1691.53 886.81 0.14 -51.01 3.39 2 0 0.244 1.3263350107876187e-15
317 1273.38 905.76 0.17 8.56 4.07 2 0 0.253 1.435656132278869e-14
324 417.7 919.09 0.49 -47.38 5.26 1 0 0.243 4.815307766241339e-15
338 697.58 948.11 0.06 41.33 3.39 1 0 0.244 6.233766503888809e-15
358 216.48 997.05 0.5 24.67 4.92 1 0 0.246 4.3522094429889954e-15
369 632.38 1025.6 0.16 53.58 3.99 1 0 0.246 6.940759070457082e-15
386 715.27 1061.48 0.19 -88.8 6.33 1 0 0.246 1.5368858868381775e-14
400 240.99 1105.23 0.44 -85.03 8.08 1 0 0.247 1.8493119565538528e-14
402 952.19 1098.47 0.23 30.37 2.11 1 0 0.246 9.433279937420239e-16
414 44.04 1128.69 0.41 -43.63 3.57 1 0 0.242 2.064088637626616e-15
421 305.35 1138.19 0.25 -19.99 4.79 1 0 0.246 5.8036101389881325e-15
424 178.1 1142.58 0.2 -7.3 2.46 1 0 0.247 5.909025718614535e-16
427 1365.75 1146.68 0.14 43.75 2.46 1 0 0.246 1.5856869701162289e-15
432 153.84 1169.61 0.3 -7.22 3.34 1 0 0.232 1.4148288838311302e-15
449 597.57 1206.58 0.53 74.93 2.82 1 0 0.241 1.4877489973481872e-15
456 1352.3 1223.48 0.48 33.68 2.11 1 0 0.252 1.123447008876809e-15
493 1394.28 1296.22 0.52 65.82 1.78 2 0 0.253 6.129153170342575e-16
503 1686.87 1332.39 0.34 -18.53 7.4 1 0 0.244 1.1426457517801566e-14
507 411.84 1337.04 0.23 -72.79 1.95 1 0 0.239 5.877998372361018e-16
511 723.84 1345.98 0.22 -72.22 2.88 2 0 0.246 1.3749250558068617e-15
554 349.15 1457.99 0.25 -51.42 7.4 1 0 0.245 2.6290918430488773e-14
576 1352.42 1499.86 0.29 66.86 5.75 1 0 0.245 1.557280576735577e-14
639 1923.27 1656.12 0.21 33.57 2.76 1 0 0.244 2.971509369487313e-16
643 599.83 1670.11 0.73 -38.5 2.11 1 0 0.246 5.047439686535222e-16
651 1091.11 1692.91 0.21 -87.01 4.41 1 0 0.246 6.9657711063565546e-15
657 788.17 1713.46 0.17 -1.66 3.99 1 0 0.247 3.1369623797173046e-15
661 1370.65 1718.75 0.38 -78.19 4.82 1 0 0.245 3.9567640647503264e-15
668 1271.69 1726.75 0.15 50.26 3.83 1 0 0.245 1.8530647783783103e-15
673 1387.58 1734.84 0.54 41.56 3.14 2 0 0.234 1.5634695076679854e-15
678 1908.24 1743.37 0.4 25.68 2.39 1 0 0.245 2.5038920725218086e-15
681 1389.02 1750.61 0.24 32.93 3.04 1 0 0.251 8.06978453244539e-16
694 1823.98 1784.11 0.4 -81.93 1.6 1 0 0.235 7.63035707429966e-16
695 227.43 1786.7 0.3 -47.7 3.48 1 0 0.234 9.649744501046996e-16
701 1158.56 1804.7 0.41 -84.09 2.99 1 0 0.248 1.4490114278131695e-15
714 756.5 1845.81 0.34 81.55 3.95 1 0 0.245 5.430635274290699e-16
723 273.59 1873.2 0.3 -44.73 5.08 1 0 0.233 3.703419898358354e-15
728 399.45 1878.07 0.35 -41.27 3.66 1 0 0.242 1.7524820511115855e-15
744 1655.13 1922.44 0.55 71.22 5.59 1 0 0.246 3.246606983091111e-15
754 1487.46 1944.48 0.78 26.93 1.78 2 0 0.240 1.2426606493348659e-15
756 1631.88 1947.86 0.21 -45.59 1.6 1 0 0.233 1.5990086807941709e-15
757 930.86 1952.13 0.26 56.89 1.6 1 0 0.246 5.282122870066235e-16
770 124.29 1996.32 0.25 64.56 1.78 2 0 0.251 -6.868742635215627e-16
776 93.46 2001.32 0.71 -89.25 1.87 1 0 0.231 -2.2320096371671104e-16
850 1302.97 174.55 0.1 -83.51 7.27 1 0 0.247 2.617823509641669e-15
851 1296.36 178.73 0.43 59.13 3.24 1 0 0.252 2.0059347435999247e-15
852 1307.9 181.7 0.39 -34.64 4.37 1 0 0.247 1.1510075551563327e-15
861 288.42 527.94 0.07 -70.9 7.2 1 0 0.225 2.4250172115064354e-16
865 1720.15 552.02 0.65 -81.6 2.65 1 0 0.226 8.881540145633325e-16
894 960.21 1761.71 0.33 80.97 3.87 2 0 0.242 4.07729642962814e-15
895 959.65 1769.17 0.1 73.61 2.52 2 0 0.243 1.0467385405031572e-15
902 418.71 1925.56 0.34 32.68 8.72 1 0 0.248 1.1881367573552803e-14
903 406.28 1921.78 0.37 54.88 2.93 1 0 0.247 1.7752391794263484e-15