NUMBER xcentroid ycentroid ellipticity orientation equivalent_radius flag 0 0 0 quality_flag redshift
22 221.99 52.77 0.25 8.17 2.33 1 0 0 0 2 0 0.237
35 901.92 76.96 0.01 48.14 1.69 1 0 0 0 2 0 0.239
55 429.9 116.87 0.47 9.55 6.93 1 0 0 0 2 0 0.238
63 1428.1 118.57 0.19 -76.44 2.82 1 0 0 0 2 0 0.232
64 594.73 119.27 0.26 -66.22 2.71 2 0 0 0 2 0 0.229
72 851.46 138.96 0.15 84.89 9.41 1 0 0 0 1 0 0.233
113 481.37 200.18 0.4 -36.05 4.37 1 0 0 0 2 0 0.238
150 1480.38 262.13 0.64 25.7 1.6 1 0 0 0 0 0 0.246
154 849.95 272.6 0.35 31.79 2.11 1 0 0 0 1 0 0.238
183 1193.15 317.18 0.18 -47.46 1.6 2 0 0 0 1 0 0.247
186 1041.29 323.2 0.58 -22.78 1.78 1 0 0 0 0 0 0.239
194 1520.29 338.99 0.59 70.42 1.87 1 0 0 0 2 0 0.237
204 216.35 354.15 0.27 -20.67 1.69 2 0 0 0 1 0 0.235
211 929.38 361.24 0.3 -77.85 2.19 1 0 0 0 1 0 0.226
226 338.15 385.5 0.36 -77.0 1.78 2 0 0 0 1 0 0.252
247 323.42 413.32 0.28 -85.32 2.39 1 0 0 0 1 0 0.242
260 1926.37 437.37 0.19 -52.39 3.95 1 0 0 0 3 0 0.248
337 1244.29 562.65 0.43 70.64 1.6 1 0 0 0 1 0 0.248
352 1689.47 581.15 0.48 43.63 1.78 1 0 0 0 2 0 0.228
381 233.92 648.41 0.65 81.37 1.87 1 0 0 0 0 0 0.253
425 319.23 730.41 0.54 61.06 3.14 2 0 0 0 1 0 0.227
441 612.92 760.34 0.63 42.96 2.19 1 0 0 0 2 0 0.231
444 353.51 766.23 0.37 -76.11 3.7 1 0 0 0 2 0 0.252
445 967.77 765.68 0.34 -78.82 3.7 1 0 0 0 2 0 0.228
448 1667.23 768.78 0.64 -44.71 1.95 1 0 0 0 0 0 0.246
449 1116.94 771.96 0.06 60.92 3.66 1 0 0 0 3 0 0.236
462 334.18 794.63 0.19 44.44 3.04 1 0 0 0 3 0 0.241
487 282.93 826.39 0.27 44.14 3.39 1 0 0 0 1 0 0.227
501 682.04 848.31 0.34 52.68 1.69 1 0 0 0 2 0 0.221
513 795.67 870.24 0.42 84.91 3.04 1 0 0 0 2 0 0.231
532 1519.85 897.65 0.29 -70.8 1.69 2 0 0 0 2 0 0.232
545 1266.33 914.18 0.09 71.44 2.59 1 0 0 0 2 0 0.228
583 1125.52 976.09 0.29 -65.94 2.88 1 0 0 0 2 0 0.227
600 418.74 1008.2 0.11 -88.81 3.95 1 0 0 0 2 0 0.241
606 71.03 1013.5 0.19 -89.21 1.6 1 0 0 0 2 0 0.239
627 1298.14 1050.09 0.39 86.82 4.15 1 0 0 0 3 0 0.233
628 1702.88 1047.43 0.46 -2.32 2.99 1 0 0 0 3 0 0.239
637 360.46 1065.75 0.08 79.83 7.18 1 0 0 0 3 0 0.241
642 1781.87 1065.37 0.24 66.62 1.69 1 0 0 0 2 0 0.251
663 64.5 1096.92 0.28 60.45 2.19 1 0 0 0 1 0 0.232
664 498.18 1097.01 0.1 87.06 1.6 1 0 0 0 2 0 0.231
669 223.29 1107.18 0.25 -67.85 4.89 1 0 0 0 3 0 0.236
682 1208.01 1135.77 0.23 -40.88 4.65 1 0 0 0 3 0 0.229
684 496.78 1135.52 0.23 -64.41 2.82 2 0 0 0 2 0 0.233
691 366.5 1143.02 0.58 -50.89 1.95 2 0 0 0 2 0 0.233
692 495.59 1143.02 0.14 85.74 2.26 1 0 0 0 2 0 0.233
695 442.64 1147.08 0.23 -11.52 1.87 1 0 0 0 3 0 0.252
697 2005.59 1151.23 0.43 34.68 3.14 1 0 0 0 2 0 0.228
698 424.54 1150.98 0.29 79.26 1.87 1 0 0 0 2 0 0.247
703 319.87 1160.04 0.26 -0.02 4.07 1 0 0 0 3 0 0.236
706 1026.42 1165.52 0.29 -83.18 4.41 1 0 0 0 3 0 0.235
717 1470.61 1186.67 0.11 71.18 3.43 1 0 0 0 3 0 0.229
723 1621.5 1201.44 0.36 23.12 5.92 1 0 0 0 3 0 0.229
726 857.03 1204.06 0.1 -81.86 2.52 1 0 0 0 1 0 0.233
744 1026.0 1228.76 0.4 35.45 1.6 2 0 0 0 0 0 0.236
746 592.31 1234.91 0.42 75.79 3.04 1 0 0 0 1 0 0.226
798 588.1 1325.61 0.18 -71.19 3.04 1 0 0 0 2 0 0.226
806 889.8 1339.92 0.05 -9.79 6.08 1 0 0 0 3 0 0.230
807 1951.31 1339.68 0.59 48.63 4.3 1 0 0 0 3 0 0.235
811 1896.37 1343.09 0.42 61.52 4.33 2 0 0 0 1 0 0.251
867 1784.64 1428.44 0.26 38.27 3.34 1 0 0 0 2 0 0.233
868 91.17 1438.27 0.02 -42.85 6.1 1 0 0 0 3 0 0.229
887 1946.24 1463.35 0.42 34.33 1.87 1 0 0 0 1 0 0.253
890 440.05 1474.2 0.78 71.35 2.59 2 0 0 0 0 0 0.259
900 1801.43 1497.88 0.52 78.03 6.96 1 0 0 0 3 0 0.232
919 922.52 1526.46 0.42 -65.39 5.92 1 0 0 0 2 0 0.234
924 73.81 1540.14 0.53 80.72 7.05 1 0 0 0 3 0 0.230
966 308.06 1594.08 0.31 -7.86 6.98 1 0 0 0 3 0 0.234
989 476.4 1626.58 0.38 78.8 2.46 2 0 0 0 0 0 0.258
1010 843.83 1661.05 0.07 -53.66 5.97 1 0 0 0 3 0 0.234
1015 234.14 1667.64 0.35 -75.82 6.36 1 0 0 0 2 0 0.234
1023 923.32 1682.46 0.26 82.49 4.41 1 0 0 0 1 0 0.232
1035 1860.9 1700.95 0.33 34.39 2.99 1 0 0 0 2 0 0.230
1036 1971.17 1704.9 0.38 43.63 4.22 1 0 0 0 3 0 0.229
1050 382.3 1726.51 0.58 85.72 2.11 1 0 0 0 1 0 0.227
1051 38.96 1727.14 0.38 -79.88 1.95 2 0 0 0 2 0 0.246
1061 1016.84 1749.26 0.46 82.43 3.09 1 0 0 0 2 0 0.234
1067 553.8 1763.82 0.12 -51.54 5.97 1 0 0 0 3 0 0.234
1071 509.29 1761.99 0.45 11.34 2.65 1 0 0 0 0 0 0.258
1117 1986.24 1827.37 0.22 23.37 2.39 2 0 0 0 1 0 0.249
1125 1760.8 1843.05 0.42 52.09 4.72 1 0 0 0 3 0 0.226
1147 1931.6 1883.96 0.59 44.76 1.87 1 0 0 0 2 0 0.233
1149 1530.05 1884.37 0.46 13.53 1.69 1 0 0 0 2 0 0.233
1165 724.93 1918.79 0.23 -41.29 1.6 1 0 0 0 1 0 0.250
1186 1929.94 1959.81 0.5 54.47 4.18 1 0 0 0 3 0 0.240
1191 1269.52 1968.96 0.41 -75.53 2.39 1 0 0 0 3 0 0.228
1217 1624.65 2030.81 0.33 51.45 3.66 1 0 0 0 2 0 0.234
1248 1887.75 76.85 0.12 38.32 3.91 1 0 0 0 3 0 0.243
1272 1562.58 673.41 0.61 87.85 2.88 1 0 0 0 0 0 0.253
1277 729.68 699.39 0.25 60.35 8.16 1 0 0 0 3 0 0.233
1326 530.11 1855.89 0.39 84.08 2.93 2 0 0 0 0 0 0.257
1327 529.77 1864.89 0.69 80.46 2.71 2 0 0 0 0 0 0.258
1328 534.45 1872.74 0.81 82.14 4.65 1 0 0 0  0 0.214
