NUMBER xcentroid ycentroid ellipticity orientation equivalent_radius flag med_flux
57 1958.52 176.42 0.55 -47.64 4.69 1 0 0.226 2.7255938408614388e-15
59 828.8 180.22 0.32 -21.52 3.95 1 0 0.239 1.3212066498084676e-15
87 1925.87 245.22 0.38 -1.32 6.96 1 0 0.242 3.517498707534877e-15
101 229.89 268.38 0.53 35.58 1.6 1 0 0.238 2.048121431296162e-16
115 465.67 314.51 0.24 59.76 4.26 1 0 0.254 1.0694165771164702e-15
129 905.21 350.69 0.1 63.9 2.65 1 0 0.248 3.2504873469016014e-16
142 956.75 368.38 0.09 -29.21 3.09 1 0 0.238 2.6287847512538503e-15
146 272.38 393.37 0.65 50.33 1.6 1 0 0.251 -3.7255060706997732e-16
179 1099.56 462.64 0.68 -69.53 7.18 1 0 0.235 7.448104700808096e-15
189 731.14 480.71 0.5 66.14 1.87 1 0 0.237 -5.628781691641898e-16
194 993.2 490.5 0.21 22.33 2.26 1 0 0.240 2.307396098868335e-15
202 525.31 507.51 0.56 -39.91 1.87 1 0 0.239 1.5541479100834518e-15
204 1999.83 513.33 0.37 -16.64 2.46 1 0 0.239 1.4619675378952529e-15
229 400.56 583.6 0.14 80.93 4.33 1 0 0.249 3.87480981545521e-15
251 147.84 627.87 0.19 -46.17 1.6 1 0 0.238 5.520864929601371e-16
317 1484.03 760.08 0.67 87.09 3.61 1 0 0.232 1.3144697732624805e-15
337 1005.15 788.04 0.18 0.34 1.78 1 0 0.236 9.283043821148112e-16
347 1152.04 810.75 0.32 33.13 2.39 1 0 0.251 1.5290096662748387e-15
385 696.8 886.79 0.2 84.91 3.34 1 0 0.234 4.3932456481846245e-15
406 892.39 918.61 0.34 -75.47 2.93 2 0 0.230 1.4721429446906188e-15
409 1457.84 922.56 0.09 -18.03 5.94 1 0 0.237 1.2298315306673996e-14
412 697.37 925.3 0.11 -81.34 3.24 1 0 0.234 3.865981614562452e-15
417 355.86 928.77 0.47 11.18 4.33 1 0 0.229 5.0992183870844036e-15
477 891.36 1013.56 0.22 49.09 3.24 1 0 0.240 4.063083640289686e-15
486 41.27 1023.56 0.18 -7.62 2.11 2 0 0.244 -6.846373024474233e-16
497 176.95 1045.08 0.22 68.09 6.56 1 0 0.237 7.990536129900278e-15
505 436.09 1052.42 0.28 10.33 3.04 1 0 0.238 1.7572429056707467e-15
507 1390.63 1060.52 0.19 -6.43 6.31 1 0 0.231 1.3931266927005252e-14
510 102.84 1064.34 0.26 6.18 5.94 1 0 0.241 7.167501320107586e-15
538 1437.25 1088.53 0.23 -62.37 1.95 1 0 0.249 1.416904855705732e-15
553 1711.8 1104.36 0.23 32.08 3.39 1 0 0.227 2.5293477419274053e-15
555 1676.38 1105.07 0.15 -68.99 2.52 1 0 0.230 2.7891031006971453e-15
563 1630.08 1120.04 0.46 50.77 2.33 1 0 0.244 1.990419429346831e-15
569 1099.23 1124.86 0.1 45.56 4.22 1 0 0.227 1.0021704196757145e-15
585 1173.94 1141.43 0.16 20.22 2.93 1 0 0.220 1.582841362929928e-15
595 647.07 1156.1 0.27 -49.29 2.19 1 0 0.220 2.449229224787226e-15
602 87.18 1162.83 0.18 47.11 1.6 1 0 0.248 -7.571557635288042e-16
647 441.76 1234.67 0.08 -34.66 3.19 1 0 0.225 2.8910013760100745e-15
677 373.58 1278.95 0.43 8.52 2.33 1 0 0.240 2.1203733416969538e-15
701 987.17 1327.46 0.19 51.85 1.87 2 0 0.248 1.2817933597397777e-15
703 1696.89 1332.92 0.2 -46.6 1.6 1 0 0.251 -5.767694565596011e-16
707 1001.54 1343.19 0.34 -35.05 4.15 2 0 0.251 5.959858918636344e-15
722 1584.39 1373.1 0.09 -25.92 2.46 1 0 0.242 2.1740443138503016e-15
725 1004.69 1383.85 0.17 -21.59 2.46 1 0 0.227 1.7387871165412596e-16
727 1139.53 1390.75 0.12 23.38 3.57 1 0 0.232 1.1683269437079598e-15
728 1928.75 1394.1 0.54 -35.94 1.6 1 0 0.253 -8.439359301013426e-16
760 1697.81 1458.05 0.12 84.01 2.76 1 0 0.236 2.913554051747194e-15
779 1404.76 1492.02 0.36 17.22 4.44 1 0 0.240 4.972546727404891e-15
781 913.5 1491.7 0.42 36.82 1.78 2 0 0.248 5.592780673801222e-16
785 1023.36 1516.93 0.12 -53.02 6.6 1 0 0.233 2.4257360036654754e-14
790 175.9 1536.35 0.26 -31.11 5.84 1 0 0.239 1.0682048541337755e-14
793 1294.3 1546.82 0.2 -83.71 2.52 2 0 0.235 2.146823639540864e-15
808 506.31 1585.55 0.06 -6.4 7.57 1 0 0.241 1.545845970760823e-14
820 1409.98 1608.63 0.31 84.15 2.88 2 0 0.231 1.4596534438833541e-15
821 1202.94 1611.75 0.12 -27.12 2.99 1 0 0.231 1.777865616837547e-15
828 1797.49 1635.78 0.36 -10.06 1.78 1 0 0.226 9.084158367550434e-16
830 1280.94 1642.64 0.12 70.51 4.51 1 0 0.236 4.741193230389535e-15
838 102.26 1673.06 0.41 -31.01 3.66 1 0 0.235 2.2016364121071105e-15
852 1167.36 1712.91 0.12 1.96 4.89 1 0 0.237 4.413552416062099e-15
866 1298.87 1759.8 0.18 -57.89 2.65 1 0 0.237 1.0747703547387094e-15
887 12.84 1817.95 0.1 32.42 1.6 1 0 0.246 1.1888687632282974e-15
896 864.29 1858.15 0.33 -23.14 2.03 1 0 0.238 1.1970314079827503e-15
900 575.97 1865.78 0.46 -49.47 2.26 1 0 0.227 2.569149396602411e-16
915 1226.24 1905.73 0.35 52.42 4.18 1 0 0.227 8.016223251058711e-15
950 1382.72 2013.22 0.08 -82.31 4.58 1 0 0.237 4.152850074457329e-15
1024 1611.14 171.64 0.14 -56.56 4.15 1 0 0.236 3.969085429517561e-15
1050 241.89 997.73 0.43 -3.8 5.5 1 0 0.237 3.945368083477967e-15
1056 1182.78 1020.8 0.48 20.59 4.82 1 0 0.227 3.464893302829175e-15