NUMBER xcentroid ycentroid ellipticity orientation equivalent_radius
1 98.09 15.96 0.36 17.64 3.99
2 154.45 14.83 0.40 7.72 3.04
3 672.09 22.05 0.41 46.15 3.61
4 1209.24 21.29 0.25 -60.18 2.99
5 216.24 24.25 0.06 69.69 6.18
6 1557.48 31.82 0.43 76.91 3.19
7 416.74 36.49 0.28 -72.39 1.95
8 388.06 42.43 0.31 36.09 6.26
9 480.80 37.48 0.25 -8.93 1.95
10 1464.36 37.77 0.41 20.89 1.60
11 578.81 40.51 0.19 -59.76 3.14
12 1345.40 39.22 0.15 -2.79 1.87
13 1424.13 45.01 0.07 -18.12 6.82
14 367.43 46.59 0.25 39.34 7.11
15 1885.94 46.54 0.40 -66.22 5.81
16 1749.13 41.20 0.29 30.82 1.95
17 1596.39 48.66 0.16 -47.30 5.53
18 508.03 49.96 0.15 -72.94 5.47
19 1548.09 55.52 0.11 78.02 4.15
20 1384.17 53.48 0.48 62.67 1.69
21 1493.14 55.07 0.39 -3.11 3.29
22 1043.81 57.10 0.02 38.50 3.99
23 631.75 56.47 0.42 11.48 2.99
24 1192.99 57.57 0.69 -52.67 1.69
25 295.29 64.76 0.47 -80.98 6.53
26 438.32 59.97 0.47 -43.39 2.46
27 591.12 62.07 0.18 40.80 3.70
28 714.00 62.10 0.49 79.83 1.60
29 1637.14 61.54 0.41 64.26 1.69
30 852.39 65.85 0.41 -73.03 2.03
31 1190.90 75.06 0.46 -77.05 6.41
32 2016.60 64.43 0.61 6.96 2.11
33 144.38 76.01 0.35 65.26 9.29
34 1201.49 65.87 0.54 -72.19 1.78
35 1598.27 65.34 0.41 -69.03 1.60
36 1742.18 67.20 0.07 -85.56 2.99
37 464.88 68.03 0.28 49.72 2.46
38 568.83 74.56 0.28 84.55 7.38
39 1165.21 78.80 0.08 -9.17 8.63
40 1096.88 76.47 0.40 -71.32 3.39
41 984.79 75.66 0.24 34.52 2.76
42 1081.26 78.76 0.18 64.12 4.41
43 1447.65 91.89 0.07 -61.98 15.60
44 256.49 81.76 0.23 0.29 4.41
45 849.72 78.76 0.10 -8.49 2.33
46 282.02 91.04 0.23 28.73 10.57
47 2020.27 82.81 0.29 43.41 1.69
48 606.30 83.72 0.22 -80.36 1.69
49 1381.13 86.12 0.35 1.07 2.93
50 849.53 88.08 0.77 73.72 2.52
51 1675.04 90.26 0.14 -41.21 5.56
52 1191.33 92.54 0.62 -81.53 4.26
53 2019.31 87.78 0.53 49.36 1.69
54 481.66 91.84 0.28 88.06 3.57
55 835.70 93.60 0.40 70.61 3.61
56 1802.52 93.60 0.38 -76.01 3.43
57 942.71 92.76 0.43 40.22 2.39
58 1640.91 94.49 0.32 -62.01 3.95
59 1427.13 93.67 0.52 -17.16 1.95
60 102.01 93.50 0.63 -11.00 1.60
61 1112.09 98.82 0.56 21.79 3.48
62 355.32 99.96 0.28 18.85 4.79
63 272.78 104.94 0.23 19.69 4.58
64 1557.67 102.95 0.33 -16.84 3.34
65 2029.85 102.43 0.75 -62.51 1.69
66 2019.30 107.20 0.64 35.60 2.65
67 1948.80 109.41 0.18 -13.10 4.33
68 1729.09 120.12 0.45 67.28 9.11
69 1102.85 115.36 0.05 54.78 7.14
70 846.81 116.54 0.57 74.69 2.88
71 943.40 120.21 0.12 -81.71 6.10
72 519.30 124.10 0.20 31.59 11.83
73 1144.82 115.09 0.18 -6.92 2.59
74 1188.63 116.01 0.60 -81.34 2.03
75 1629.16 117.14 0.66 -24.34 1.69
76 857.93 122.66 0.50 70.91 2.11
77 1990.85 122.81 0.66 59.20 2.11
78 1063.80 125.79 0.14 28.98 4.92
79 1608.93 127.50 0.31 -87.95 3.34
80 1004.26 129.89 0.20 2.64 6.00
81 2018.68 128.28 0.49 66.03 2.03
82 843.18 130.04 0.72 -66.13 1.87
83 1581.63 131.71 0.35 -45.20 4.55
84 932.71 133.41 0.04 -60.65 5.67
85 770.23 133.52 0.08 29.91 4.26
86 174.96 141.59 0.25 27.52 10.67
87 612.29 135.16 0.18 -10.20 1.87
88 658.99 135.12 0.34 -25.51 1.60
89 706.65 136.22 0.24 65.35 2.59
90 843.14 143.88 0.28 64.79 7.92
91 194.64 142.37 0.50 25.82 4.55
92 1267.25 143.77 0.13 69.78 4.48
93 649.26 148.60 0.20 40.98 5.61
94 1461.19 152.82 0.07 -30.75 6.43
95 891.72 151.34 0.25 32.58 5.23
96 2020.95 151.84 0.53 36.75 2.88
97 104.33 150.99 0.38 -36.95 1.69
98 1784.48 152.18 0.06 31.02 2.52
99 854.97 157.48 0.21 89.56 1.60
100 1189.71 157.52 0.34 69.39 1.87
101 2015.80 157.86 0.50 55.19 1.60
102 1943.99 160.72 0.43 -61.89 3.04
103 849.74 164.28 0.38 68.77 1.87
104 1828.20 182.36 0.15 -43.32 17.93
105 280.63 170.30 0.28 15.75 5.14
106 574.59 173.38 0.15 41.41 6.63
107 1192.11 169.61 0.65 58.03 2.46
108 1010.90 173.16 0.06 66.44 6.13
109 1126.32 175.76 0.10 -69.90 7.69
110 1974.79 168.34 0.30 23.61 1.60
111 850.58 170.13 0.32 15.83 2.33
112 1962.26 174.18 0.62 -74.61 3.14
113 1379.05 173.26 0.12 -74.36 3.87
114 1522.20 180.51 0.11 -37.38 8.27
115 1548.18 174.61 0.30 75.88 2.26
116 1462.51 176.93 0.11 -30.63 4.18
117 1954.68 174.70 0.61 -17.43 1.95
118 774.68 177.01 0.13 57.91 2.93
119 382.28 179.17 0.35 86.30 3.09
120 627.50 190.21 0.11 44.30 12.17
121 546.62 186.56 0.22 64.27 6.75
122 1020.90 188.54 0.11 -44.21 5.56
123 1072.82 192.00 0.11 -54.38 5.38
124 348.75 191.94 0.20 2.75 4.98
125 1352.37 190.91 0.41 86.26 2.76
126 713.83 194.65 0.30 -29.43 2.19
127 812.29 202.23 0.39 -13.66 2.26
128 1324.01 204.22 0.07 -65.08 3.95
129 1560.16 204.79 0.19 -63.88 2.93
130 1346.51 205.66 0.38 -62.36 2.88
131 891.50 207.94 0.21 59.10 3.61
132 155.52 213.68 0.12 64.06 8.21
133 1933.65 208.82 0.26 -83.50 2.26
134 1193.31 209.93 0.59 -71.42 1.78
135 1422.11 211.55 0.10 -58.79 2.11
136 1669.42 214.71 0.07 -86.65 3.61
137 128.25 220.17 0.37 38.85 4.89
138 289.88 218.95 0.28 29.49 3.87
139 731.85 220.89 0.10 54.42 4.18
140 866.78 218.70 0.42 44.54 2.03
141 1456.25 227.02 0.55 -32.32 8.99
142 1319.39 225.76 0.28 40.30 7.07
143 1691.06 224.10 0.49 53.90 2.76
144 571.48 227.20 0.31 88.89 4.51
145 786.07 226.78 0.17 9.99 4.85
146 1387.05 228.34 0.14 -77.50 5.01
147 1194.67 229.30 0.69 87.09 1.69
148 1914.45 229.95 0.39 7.12 3.83
149 246.78 232.37 0.17 39.74 3.52
150 1841.52 237.68 0.11 17.01 8.25
151 1885.97 231.78 0.47 11.81 2.19
152 1089.91 235.50 0.22 -37.05 3.24
153 533.57 236.73 0.29 -29.57 1.78
154 1578.32 237.21 0.28 8.90 2.59
155 828.34 239.55 0.15 -20.70 1.69
156 795.82 240.40 0.48 -23.37 1.60
157 465.75 245.04 0.38 5.75 2.52
158 1194.61 260.04 0.02 14.06 13.40
159 1946.63 249.77 0.32 -59.46 1.78
160 1922.47 254.72 0.33 -53.03 1.78
161 1460.63 261.03 0.09 -41.85 5.89
162 463.20 258.64 0.21 -17.99 1.78
163 648.54 270.91 0.38 31.51 9.03
164 1323.72 264.55 0.34 -78.72 2.82
165 749.86 264.16 0.40 -4.62 2.11
166 238.52 267.84 0.35 34.26 5.23
167 850.48 266.40 0.13 -5.55 4.03
168 1578.53 265.33 0.43 56.43 1.78
169 1839.40 271.30 0.20 -42.77 4.85
170 514.86 281.19 0.14 37.39 11.98
171 375.70 271.48 0.49 27.54 2.26
172 580.49 276.15 0.17 39.66 6.05
173 845.48 283.39 0.17 44.40 9.54
174 49.26 278.98 0.32 16.35 5.41
175 726.27 296.71 0.05 50.34 13.89
176 2013.96 284.92 0.67 71.66 1.60
177 888.88 285.42 0.30 36.04 1.95
178 1867.24 290.04 0.21 -33.91 5.50
179 1753.66 288.22 0.58 -58.46 1.69
180 1020.65 292.16 0.11 -74.83 4.33
181 208.82 294.90 0.40 26.67 3.78
182 294.61 297.45 0.14 -87.60 3.87
183 1636.52 298.60 0.36 -5.12 3.34
184 63.64 305.69 0.31 14.53 6.26
185 519.84 302.02 0.15 33.42 2.39
186 1750.82 308.73 0.25 -76.62 6.58
187 2019.23 304.43 0.53 89.05 1.69
188 1355.11 307.43 0.57 -39.07 1.60
189 1107.60 332.30 0.01 76.92 19.47
190 558.00 317.05 0.27 33.14 4.26
191 75.40 321.34 0.28 -42.12 6.21
192 848.35 319.82 0.14 -8.83 3.34
193 1022.39 323.13 0.17 57.57 2.88
194 288.71 325.64 0.05 7.61 3.48
195 1248.19 329.09 0.10 -4.51 3.34
196 1877.12 329.81 0.09 88.56 3.09
197 1704.09 332.87 0.27 -48.73 5.01
198 1800.35 335.88 0.22 -59.79 7.11
199 570.23 334.17 0.22 -60.29 2.33
200 1238.45 335.87 0.32 17.22 6.00
201 874.37 338.27 0.38 77.67 4.65
202 201.37 333.95 0.51 -33.24 1.69
203 1372.61 336.11 0.07 74.47 3.14
204 2011.38 337.01 0.72 -11.41 1.69
205 426.52 343.30 0.08 30.22 6.15
206 1905.36 338.70 0.66 70.10 1.60
207 1720.88 343.29 0.08 -57.52 4.30
208 774.61 349.91 0.03 78.18 7.38
209 1337.67 347.80 0.04 22.12 3.99
210 614.39 348.34 0.36 56.45 3.24
211 832.15 352.63 0.38 78.64 5.50
212 1210.85 353.77 0.07 78.58 4.82
213 413.50 369.21 0.15 31.94 16.12
214 947.04 351.63 0.37 40.83 1.95
215 1864.53 360.80 0.13 -21.03 6.38
216 278.49 358.28 0.34 43.07 3.95
217 688.04 360.49 0.24 89.22 4.75
218 940.56 357.42 0.23 66.11 2.59
219 1637.97 362.77 0.06 20.24 5.44
220 1069.96 364.61 0.06 49.99 6.68
221 1261.27 361.38 0.77 -11.62 1.60
222 1307.80 366.24 0.12 -67.41 4.48
223 155.20 369.63 0.39 14.60 2.76
224 1026.12 372.02 0.46 -84.45 1.78
225 351.23 374.93 0.27 39.36 3.95
226 1846.16 373.97 0.47 63.39 1.69
227 672.11 378.02 0.48 -83.26 2.65
228 706.80 377.62 0.16 -31.79 3.04
229 647.74 380.23 0.21 -56.49 3.19
230 1551.51 378.02 0.41 -45.93 1.60
231 1948.66 393.80 0.14 -32.65 16.77
232 1847.54 382.86 0.27 -24.95 5.89
233 543.33 382.44 0.46 10.85 3.87
234 992.15 388.43 0.37 -19.56 5.92
235 339.83 386.21 0.52 51.79 1.95
236 858.86 390.31 0.46 70.96 4.95
237 967.91 394.37 0.15 40.39 9.80
238 215.10 391.54 0.33 31.07 5.26
239 251.91 396.70 0.49 50.31 8.63
240 1686.40 397.80 0.17 -71.36 8.59
241 1915.00 391.12 0.10 73.46 3.24
242 785.29 389.17 0.54 36.01 1.60
243 402.18 395.95 0.25 57.13 4.55
244 1852.30 402.00 0.24 84.29 5.97
245 1304.83 400.67 0.24 -28.62 5.47
246 1830.18 401.21 0.08 -10.16 5.38
247 724.38 398.84 0.34 -31.52 1.95
248 1972.69 400.72 0.18 -36.67 3.29
249 1674.06 402.01 0.39 -43.80 2.82
250 1546.58 402.07 0.45 56.84 1.78
251 517.33 411.80 0.10 47.81 7.46
252 191.82 410.37 0.27 26.34 6.60
253 472.54 412.66 0.11 39.68 7.44
254 367.03 409.35 0.25 44.75 4.30
255 1120.56 409.91 0.16 -37.70 4.92
256 1198.48 415.04 0.10 -64.87 7.11
257 977.13 413.34 0.06 -71.76 4.89
258 1861.08 409.80 0.37 -58.34 1.87
259 643.24 421.05 0.08 51.51 6.82
260 1043.56 419.82 0.09 -13.28 4.79
261 1148.48 424.08 0.01 -1.97 4.69
262 1165.29 423.74 0.09 -61.83 5.75
263 138.69 426.85 0.32 23.49 8.16
264 1946.08 426.92 0.25 32.97 2.93
265 1330.05 427.37 0.03 -38.45 2.19
266 1924.84 429.58 0.31 -44.09 3.29
267 1024.07 434.31 0.33 39.25 5.05
268 1101.06 431.55 0.40 -87.12 2.11
269 599.74 434.05 0.30 51.21 3.34
270 1236.24 435.16 0.37 22.59 1.78
271 2005.55 439.04 0.79 -88.55 2.03
272 222.15 443.15 0.32 17.21 5.47
273 1453.10 440.64 0.59 62.96 1.60
274 1639.39 441.37 0.33 86.91 1.60
275 1643.36 443.36 0.51 -64.44 2.03
276 1449.15 443.14 0.19 -47.52 1.60
277 1233.83 445.92 0.21 -56.65 2.71
278 559.15 446.40 0.63 -53.20 1.60
279 1944.83 454.92 0.12 -23.72 9.20
280 2002.85 452.51 0.47 89.86 3.43
281 1658.74 454.65 0.40 16.45 5.50
282 1723.00 453.72 0.16 -69.86 5.17
283 1819.37 454.44 0.31 3.20 5.53
284 1125.41 457.34 0.21 2.82 5.73
285 1794.15 455.74 0.52 -89.70 2.39
286 1845.73 459.01 0.08 -67.46 6.23
287 1340.40 467.30 0.04 -76.87 12.35
288 900.59 460.55 0.47 -53.40 3.99
289 1909.29 459.17 0.41 -41.06 3.39
290 489.72 462.47 0.33 8.81 6.18
291 685.73 464.48 0.33 76.30 4.15
292 2001.98 466.37 0.49 -84.82 3.57
293 626.46 470.00 0.35 48.78 2.71
294 1443.14 474.65 0.06 -64.31 6.89
295 881.33 471.77 0.20 -51.81 4.18
296 1976.07 474.28 0.13 -76.67 4.37
297 1216.05 472.28 0.38 72.00 2.19
298 1733.10 474.37 0.09 -51.31 4.55
299 123.25 476.03 0.12 2.52 4.44
300 729.62 475.59 0.16 52.37 4.03
301 1048.35 476.63 0.16 88.71 4.62
302 1545.49 478.95 0.06 -24.18 2.76
303 280.28 487.74 0.19 20.55 9.11
304 1229.14 487.72 0.30 15.72 6.02
305 2002.58 484.28 0.22 -42.63 2.19
306 1817.55 493.31 0.10 -35.22 5.35
307 112.38 495.39 0.39 15.13 3.91
308 769.19 502.14 0.09 49.72 9.92
309 1476.78 497.76 0.05 44.99 4.26
310 916.93 500.26 0.12 42.25 5.53
311 508.86 499.72 0.32 50.79 3.95
312 1500.52 501.10 0.09 -1.41 6.08
313 723.05 503.81 0.12 68.23 4.03
314 1422.94 502.87 0.50 41.51 2.39
315 321.49 503.14 0.57 37.52 1.60
316 405.96 510.04 0.46 40.41 5.59
317 1225.69 507.96 0.09 -13.56 4.85
318 1290.64 507.25 0.15 77.65 2.26
319 510.33 510.75 0.02 15.02 4.82
320 1993.05 510.76 0.67 -71.44 1.69
321 160.76 511.19 0.26 88.30 1.78
322 1299.97 525.12 0.02 62.19 12.62
323 1490.68 516.20 0.14 77.92 2.26
324 333.42 517.75 0.21 51.38 3.19
325 461.99 517.51 0.59 -63.71 1.60
326 72.20 521.07 0.34 19.96 4.69
327 456.58 526.95 0.41 43.50 6.36
328 1738.01 526.62 0.10 -81.11 5.81
329 1777.93 522.37 0.30 -34.45 3.43
330 1822.53 524.08 0.07 13.65 3.78
331 1609.75 525.36 0.11 -57.03 2.65
332 520.58 528.72 0.15 81.82 4.30
333 1557.45 529.28 0.06 57.45 6.15
334 358.07 529.56 0.25 -18.36 5.56
335 250.50 532.29 0.34 -0.66 5.50
336 1775.12 534.12 0.10 -12.00 4.22
337 546.95 535.30 0.53 49.97 1.69
338 1012.85 538.08 0.11 -21.28 3.52
339 1789.14 545.09 0.07 -20.54 8.79
340 718.90 543.61 0.08 56.08 4.51
341 1152.50 545.84 0.32 73.98 3.19
342 1635.24 543.75 0.60 -44.71 1.60
343 1242.21 545.46 0.26 -42.96 2.19
344 1760.02 559.76 0.01 55.42 16.25
345 1536.88 549.02 0.21 44.20 2.39
346 1209.03 553.97 0.36 -87.55 2.59
347 1097.05 556.41 0.11 80.43 4.79
348 1291.30 558.99 0.19 -68.24 5.89
349 1981.90 555.36 0.46 -22.63 1.60
350 1832.17 557.18 0.56 11.61 1.87
351 1988.66 559.47 0.62 50.76 2.39
352 878.41 562.43 0.52 -47.35 1.87
353 1157.20 567.44 0.08 41.56 4.44
354 957.81 567.01 0.12 -10.33 2.65
355 507.87 569.06 0.29 -39.09 2.59
356 1657.04 578.68 0.02 87.22 12.51
357 473.14 570.20 0.23 -4.55 3.57
358 1695.68 573.69 0.25 35.44 6.63
359 677.97 582.98 0.06 69.91 12.88
360 1548.89 577.05 0.04 68.88 7.98
361 1797.65 571.16 0.26 62.00 2.19
362 648.71 573.43 0.44 82.62 2.19
363 460.82 583.62 0.12 30.98 8.50
364 32.39 581.45 0.65 81.04 1.60
365 299.63 580.20 0.27 -5.83 2.11
366 1783.61 585.01 0.05 38.53 4.37
367 342.98 589.33 0.19 21.66 6.72
368 1178.11 588.01 0.13 -76.05 5.61
369 723.74 585.83 0.26 10.41 2.46
370 165.84 590.26 0.35 38.61 3.87
371 1377.32 589.90 0.40 -15.42 2.33
372 1987.27 592.02 0.35 79.62 2.19
373 701.65 594.21 0.11 78.80 1.95
374 100.64 597.41 0.16 76.39 3.43
375 969.32 596.25 0.07 65.72 2.52
376 874.95 602.23 0.20 33.19 6.72
377 901.59 599.74 0.18 -24.49 2.82
378 502.79 604.24 0.15 41.24 5.35
379 1376.87 604.54 0.05 -35.02 4.22
380 553.89 610.10 0.24 -18.29 4.48
381 1782.27 617.92 0.27 -82.31 5.44
382 1974.79 618.00 0.06 -16.26 2.76
383 431.99 622.62 0.27 -26.20 3.52
384 1338.48 622.49 0.31 -19.44 2.39
385 1984.42 635.36 0.23 -66.74 9.44
386 2026.30 634.14 0.15 -55.80 5.75
387 541.04 640.58 0.27 -79.30 8.59
388 779.70 633.78 0.22 64.67 2.99
389 1518.59 633.87 0.23 -7.47 3.39
390 1653.36 632.30 0.42 -18.31 2.33
391 385.93 636.92 0.34 36.58 3.39
392 1210.84 636.91 0.22 6.40 2.19
393 426.82 641.20 0.78 58.03 1.87
394 746.42 641.00 0.26 -24.78 3.34
395 1552.13 639.61 0.49 -44.38 1.87
396 757.37 644.25 0.23 8.47 3.74
397 1685.67 651.92 0.09 -80.48 7.16
398 788.07 647.49 0.15 -15.26 3.70
399 813.75 649.32 0.31 50.33 3.43
400 130.09 668.00 0.23 14.91 18.53
401 1506.76 658.98 0.27 88.81 6.02
402 1925.73 655.93 0.51 -48.66 1.69
403 527.94 662.66 0.10 15.97 7.11
404 913.21 663.14 0.06 81.81 3.43
405 1961.98 662.19 0.13 -81.09 3.78
406 1061.80 667.82 0.03 -31.89 6.23
407 1022.33 669.86 0.07 0.17 3.29
408 1142.79 672.12 0.16 -61.33 5.38
409 1648.01 672.68 0.52 37.00 5.56
410 692.02 672.00 0.21 81.39 2.82
411 1604.94 673.49 0.20 -85.67 3.91
412 828.26 681.26 0.43 -19.67 10.49
413 2001.28 673.84 0.21 -11.27 3.29
414 1550.14 678.82 0.06 -77.53 5.47
415 1826.01 676.34 0.37 20.23 3.39
416 1504.95 679.82 0.52 -33.78 1.69
417 189.68 680.45 0.38 -83.39 1.69
418 1691.14 682.02 0.38 80.67 2.26
419 2030.38 683.19 0.18 -3.78 2.65
420 77.33 689.23 0.31 11.83 6.15
421 409.00 688.07 0.70 72.45 1.69
422 1632.39 694.70 0.01 67.63 7.14
423 801.84 692.05 0.29 78.53 2.59
424 495.16 693.30 0.03 -33.96 3.74
425 315.10 692.55 0.46 -29.91 1.69
426 166.13 697.81 0.20 25.31 5.26
427 365.81 693.55 0.51 -39.01 1.69
428 690.83 696.80 0.28 -65.65 2.59
429 1656.74 695.76 0.17 -21.28 2.59
430 811.49 702.49 0.08 -79.08 6.33
431 1051.22 698.38 0.50 27.79 2.03
432 108.90 701.44 0.32 5.11 5.05
433 774.03 701.39 0.15 -82.42 4.37
434 996.48 698.47 0.24 48.52 2.11
435 1423.80 701.31 0.08 79.70 4.92
436 125.91 700.72 0.24 -27.58 2.88
437 1490.48 704.47 0.17 -83.73 6.02
438 1572.09 706.43 0.25 -71.89 8.27
439 403.76 704.43 0.27 35.25 3.99
440 644.45 711.14 0.12 63.97 5.08
441 1653.32 712.14 0.20 -20.23 5.56
442 44.57 712.60 0.28 4.22 4.89
443 391.94 712.98 0.25 41.24 3.04
444 402.41 715.34 0.36 -26.17 3.29
445 1430.22 716.69 0.33 -44.17 1.87
446 487.61 721.40 0.22 28.38 4.92
447 47.90 722.50 0.61 75.85 2.26
448 377.95 726.19 0.17 27.51 5.56
449 1799.67 730.95 0.02 29.92 7.82
450 1921.17 726.99 0.10 -16.53 5.59
451 1235.32 729.50 0.17 -21.96 6.56
452 1677.98 727.89 0.46 75.06 2.03
453 1476.95 730.22 0.14 22.22 2.33
454 496.89 732.29 0.37 -51.84 3.39
455 1597.79 738.29 0.51 75.35 6.53
456 892.75 735.17 0.19 -9.95 4.51
457 944.63 737.97 0.52 -13.98 7.76
458 1433.40 735.45 0.43 83.81 1.87
459 1657.22 744.17 0.02 86.45 9.87
460 1292.95 736.89 0.62 88.83 2.39
461 1983.26 736.32 0.22 27.70 2.26
462 450.68 743.87 0.48 34.45 7.40
463 75.93 745.02 0.18 26.59 5.47
464 1300.81 741.01 0.41 66.37 2.11
465 1206.97 746.47 0.11 -43.20 5.53
466 622.69 745.08 0.31 -57.27 2.46
467 1329.97 752.12 0.05 -69.20 9.34
468 114.98 750.06 0.29 24.65 5.38
469 1558.78 753.58 0.23 51.33 5.78
470 515.29 752.86 0.53 -17.22 2.26
471 1227.02 757.21 0.03 -73.60 7.09
472 1687.15 758.63 0.03 -38.48 6.53
473 708.00 754.19 0.16 39.56 1.87
474 645.73 765.63 0.11 51.86 10.66
475 1299.07 758.77 0.10 -53.58 2.19
476 1421.56 765.89 0.14 89.98 6.91
477 1821.53 764.17 0.22 -69.83 3.66
478 1069.77 764.60 0.41 -71.38 1.60
479 1177.90 769.29 0.33 89.25 4.26
480 1235.40 778.49 0.04 -79.79 8.12
481 1260.78 783.38 0.11 -49.01 5.59
482 684.15 784.49 0.21 89.77 1.78
483 447.25 786.89 0.40 -9.72 2.19
484 1500.12 790.23 0.08 56.01 5.26
485 178.94 790.02 0.47 1.97 2.26
486 1252.83 790.46 0.18 21.60 1.69
487 696.79 794.56 0.11 89.89 4.95
488 323.11 795.99 0.13 -11.43 3.19
489 1315.04 798.80 0.09 68.40 5.81
490 1872.55 796.56 0.11 27.11 2.82
491 306.27 800.12 0.31 15.19 5.17
492 1093.43 813.83 0.06 -70.32 10.85
493 612.64 805.01 0.66 -49.90 1.95
494 643.94 805.43 0.10 41.92 2.76
495 861.63 809.13 0.26 82.17 4.75
496 1476.41 810.29 0.06 -83.45 4.30
497 492.55 808.47 0.52 47.87 1.87
498 714.68 813.36 0.14 64.94 6.05
499 1806.80 809.67 0.28 -84.64 1.60
500 1761.51 818.46 0.25 -6.20 10.69
501 1812.87 814.64 0.22 -23.41 3.34
502 529.77 817.80 0.10 84.04 5.08
503 358.19 825.95 0.12 27.77 6.79
504 791.24 820.66 0.31 -61.54 2.52
505 1310.40 822.09 0.11 22.73 3.66
506 809.18 825.92 0.26 -9.68 6.98
507 1533.25 824.91 0.20 64.09 3.24
508 1732.07 825.64 0.38 -53.14 1.69
509 1157.88 834.91 0.04 -1.23 7.90
510 531.49 832.02 0.32 -46.06 1.69
511 582.57 837.66 0.05 49.36 3.61
512 1648.56 837.32 0.20 -74.02 3.57
513 105.77 836.63 0.57 6.20 2.26
514 1219.56 836.12 0.42 -3.95 2.19
515 401.39 839.69 0.04 51.88 3.78
516 814.65 844.73 0.10 -59.18 7.46
517 1461.43 840.80 0.25 84.03 2.82
518 1904.31 843.46 0.11 0.55 5.92
519 225.82 846.17 0.18 -6.02 5.23
520 1013.85 849.65 0.15 65.43 6.00
521 562.70 852.30 0.09 19.45 4.85
522 798.23 854.99 0.12 -81.11 5.78
523 244.48 853.27 0.37 10.27 4.11
524 628.13 853.95 0.14 77.09 1.60
525 1830.66 856.81 0.44 -56.25 2.52
526 134.01 860.09 0.29 9.96 5.67
527 454.67 858.69 0.29 -16.71 3.57
528 506.27 860.87 0.33 31.84 5.29
529 1391.99 866.36 0.18 89.32 4.18
530 213.86 864.72 0.55 54.60 1.60
531 436.30 867.55 0.51 -75.53 3.43
532 627.01 865.03 0.07 24.34 2.39
533 100.72 874.55 0.31 -4.67 6.02
534 346.31 870.80 0.41 35.84 2.59
535 312.25 876.00 0.24 24.75 3.04
536 801.81 876.18 0.48 85.21 2.03
537 824.52 877.83 0.60 -2.35 1.95
538 1974.55 889.98 0.03 6.44 11.08
539 763.64 885.93 0.15 89.62 5.26
540 553.87 892.34 0.05 42.33 9.37
541 1928.20 886.42 0.16 10.76 3.34
542 626.88 890.50 0.20 15.49 4.11
543 1565.28 897.64 0.18 -58.88 6.43
544 257.07 896.75 0.17 4.48 5.47
545 493.63 895.27 0.14 31.92 3.14
546 1525.12 897.85 0.17 80.04 4.69
547 1208.69 897.71 0.52 -63.51 2.65
548 1391.61 899.07 0.40 74.87 2.52
549 1301.35 899.11 0.43 88.45 1.95
550 378.15 902.52 0.28 29.65 4.07
551 1266.67 918.07 0.03 71.54 15.36
552 1356.07 906.19 0.34 -84.47 3.29
553 1999.80 911.23 0.24 -76.75 3.87
554 767.18 914.02 0.17 61.21 5.67
555 270.23 914.45 0.40 86.88 1.60
556 393.62 923.10 0.10 9.16 8.31
557 75.56 917.47 0.43 26.32 2.33
558 1552.61 916.62 0.04 -58.49 2.59
559 36.46 921.44 0.32 9.27 5.35
560 2007.35 921.72 0.16 1.10 4.51
561 1655.05 924.61 0.31 -72.49 4.95
562 49.39 923.97 0.57 13.85 2.65
563 976.52 925.74 0.28 -55.86 3.66
564 1566.44 927.43 0.28 -10.09 4.44
565 92.41 930.83 0.47 -66.91 1.60
566 820.90 932.74 0.15 -79.19 2.82
567 1334.88 952.73 0.02 55.76 19.03
568 640.82 939.08 0.22 -42.00 6.41
569 1670.66 943.45 0.03 85.42 8.61
570 432.96 940.18 0.20 38.33 4.33
571 806.21 936.86 0.12 -5.63 2.82
572 388.55 946.45 0.14 20.91 7.69
573 494.38 940.70 0.11 14.24 2.39
574 1703.24 942.64 0.43 69.04 1.60
575 587.03 946.88 0.35 43.63 3.91
576 1854.30 951.44 0.19 -70.09 3.39
577 311.53 955.84 0.10 42.73 2.82
578 592.07 968.07 0.11 23.02 11.08
579 970.44 965.39 0.07 74.24 7.07
580 914.63 963.29 0.19 46.90 5.41
581 744.94 967.32 0.35 70.14 6.00
582 1305.71 971.84 0.09 89.13 7.42
583 399.53 972.33 0.39 18.32 6.48
584 489.77 974.77 0.26 51.02 5.44
585 51.23 974.84 0.43 29.55 2.03
586 1022.47 993.42 0.05 69.42 12.21
587 971.06 984.40 0.06 15.58 4.18
588 1095.82 984.72 0.33 -80.29 3.78
589 1564.61 989.29 0.30 -89.04 5.59
590 467.92 988.61 0.39 -32.65 6.48
591 388.24 985.18 0.09 20.65 1.60
592 1370.91 1000.12 0.03 63.02 9.13
593 857.13 995.62 0.13 2.98 3.95
594 1348.97 993.98 0.19 -48.64 2.11
595 1826.04 999.81 0.26 83.84 2.11
596 457.58 1002.95 0.30 65.94 2.33
597 436.42 1012.69 0.28 33.41 5.64
598 701.84 1010.18 0.21 43.06 1.60
599 633.50 1011.00 0.19 1.33 1.60
600 1594.71 1019.03 0.38 77.04 4.55
601 945.43 1023.69 0.29 50.59 5.44
602 104.76 1023.94 0.44 23.83 3.04
603 1300.89 1028.28 0.17 53.82 2.52
604 370.21 1030.60 0.13 -0.04 3.78
605 70.06 1037.33 0.25 7.49 5.38
606 1889.98 1038.12 0.25 -8.57 5.70
607 681.93 1040.47 0.02 63.82 5.17
608 908.72 1045.46 0.17 83.86 4.92
609 1000.47 1047.23 0.01 -75.55 6.93
610 1423.86 1041.06 0.34 -76.00 1.87
611 348.43 1043.78 0.38 -29.20 2.26
612 416.04 1042.42 0.43 43.80 1.69
613 1047.87 1047.37 0.38 8.51 6.18
614 1205.00 1053.76 0.04 58.02 7.78
615 1014.35 1049.45 0.36 -57.21 2.11
616 1590.73 1050.21 0.06 -48.71 2.26
617 1709.33 1052.54 0.21 81.47 4.03
618 1326.01 1054.94 0.08 -75.66 4.79
619 740.76 1057.07 0.12 72.21 5.35
620 353.89 1059.86 0.39 44.90 2.39
621 1221.61 1065.33 0.16 77.95 4.07
622 253.49 1068.66 0.30 2.47 4.44
623 951.68 1081.58 0.27 -88.26 5.84
624 405.46 1075.19 0.46 -1.46 2.26
625 2002.65 1081.34 0.30 -1.04 3.70
626 249.96 1080.52 0.47 -56.16 1.60
627 631.58 1083.65 0.21 -79.53 4.07
628 699.64 1087.17 0.19 71.31 5.05
629 1668.60 1093.89 0.06 80.39 11.90
630 1355.25 1095.24 0.08 86.77 7.61
631 678.40 1089.94 0.28 8.80 3.34
632 311.71 1089.26 0.23 2.00 2.03
633 600.66 1091.66 0.31 49.44 2.19
634 291.19 1092.52 0.58 -20.90 2.33
635 589.60 1105.09 0.02 56.18 13.56
636 1438.58 1103.66 0.11 14.62 9.08
637 1057.46 1099.42 0.54 -88.65 1.60
638 1402.51 1100.89 0.23 36.63 2.19
639 1156.41 1107.86 0.16 87.12 4.98
640 1882.93 1113.20 0.04 48.57 9.66
641 2023.37 1110.90 0.14 49.50 5.41
642 922.96 1116.57 0.15 -71.16 4.03
643 438.68 1114.58 0.30 89.06 2.39
644 1311.95 1119.30 0.46 84.49 2.39
645 1489.15 1120.45 0.21 -65.51 4.22
646 1662.77 1121.18 0.19 -35.47 2.65
647 1858.91 1126.07 0.29 77.58 5.86
648 1396.23 1123.56 0.20 85.45 3.87
649 585.52 1121.90 0.36 41.45 2.03
650 732.21 1129.23 0.07 32.87 6.93
651 815.91 1123.40 0.21 -48.26 1.69
652 103.85 1125.56 0.39 35.70 2.19
653 800.75 1126.08 0.08 62.90 3.83
654 1633.87 1128.39 0.19 -89.76 3.57
655 1653.60 1127.34 0.35 -51.37 3.09
656 1968.31 1127.87 0.04 89.10 4.22
657 1165.28 1132.48 0.23 75.26 4.26
658 1174.75 1131.08 0.35 61.24 2.46
659 548.83 1134.38 0.33 27.51 3.29
660 1224.10 1134.60 0.05 -82.36 1.95
661 1656.26 1137.22 0.30 39.22 1.95
662 1297.47 1139.61 0.26 61.37 3.34
663 271.63 1142.95 0.09 11.61 5.29
664 776.41 1142.35 0.05 65.83 3.70
665 1040.73 1148.17 0.53 -67.12 6.48
666 672.08 1145.48 0.29 48.63 2.52
667 1144.94 1159.15 0.07 84.91 9.04
668 1238.31 1153.92 0.18 37.03 4.51
669 705.71 1154.02 0.38 -36.98 1.69
670 922.53 1154.33 0.67 23.66 1.60
671 361.94 1160.61 0.12 -9.82 4.18
672 903.47 1159.50 0.14 4.54 1.95
673 994.02 1160.69 0.16 -69.94 2.99
674 1052.21 1160.35 0.55 78.75 1.69
675 824.52 1163.79 0.06 80.43 4.55
676 1637.00 1169.19 0.13 -83.98 3.52
677 1605.50 1188.01 0.02 62.78 14.32
678 1353.11 1173.87 0.19 43.83 1.60
679 1980.39 1181.16 0.34 16.53 5.35
680 340.15 1179.57 0.16 21.73 2.11
681 689.27 1180.44 0.39 76.62 1.69
682 1040.35 1185.47 0.07 70.94 6.00
683 361.76 1184.24 0.06 23.25 3.34
684 732.10 1186.26 0.31 64.59 3.29
685 337.04 1192.37 0.21 -14.56 7.07
686 1929.48 1192.36 0.11 -81.22 3.24
687 1736.73 1195.08 0.06 23.68 5.38
688 1940.44 1195.04 0.04 -21.46 4.41
689 411.31 1193.42 0.61 -18.71 2.26
690 1575.63 1193.44 0.11 -39.21 1.87
691 947.47 1199.25 0.24 55.19 3.52
692 1112.97 1200.10 0.11 58.11 3.95
693 604.14 1209.84 0.03 9.87 6.21
694 850.34 1209.49 0.06 -45.63 4.82
695 421.53 1214.17 0.04 -34.79 6.75
696 590.62 1211.59 0.24 57.34 1.69
697 158.24 1215.05 0.47 -51.71 2.52
698 1635.60 1214.68 0.14 14.33 4.37
699 902.00 1216.55 0.22 54.80 4.15
700 352.27 1225.50 0.38 -41.86 9.04
701 1052.99 1217.74 0.25 -0.37 3.99
702 1570.06 1218.06 0.17 16.05 3.43
703 614.15 1221.23 0.13 85.30 5.75
704 999.72 1218.86 0.13 82.00 2.99
705 1604.51 1219.83 0.08 11.08 2.11
706 1768.03 1222.28 0.27 65.70 4.48
707 501.95 1224.11 0.14 -25.24 5.73
708 1402.18 1222.81 0.12 -18.75 3.24
709 837.44 1231.42 0.16 79.84 5.32
710 115.75 1228.87 0.34 34.27 2.03
711 1809.60 1234.79 0.04 16.34 7.72
712 1335.55 1234.94 0.13 -73.06 5.89
713 1697.50 1232.85 0.33 42.65 1.87
714 1219.32 1239.65 0.03 86.10 3.39
715 1901.72 1243.05 0.19 60.94 2.52
716 695.92 1247.94 0.12 44.37 3.61
717 731.89 1250.63 0.04 -88.75 4.44
718 1484.67 1249.23 0.68 60.68 1.69
719 1548.42 1253.55 0.39 14.94 6.33
720 1431.84 1253.59 0.20 -14.36 3.70
721 1319.88 1255.58 0.47 78.66 2.19
722 1208.72 1260.26 0.20 -71.46 4.55
723 283.31 1260.57 0.34 41.26 2.76
724 877.20 1259.65 0.50 -39.75 2.03
725 924.58 1261.54 0.27 61.55 3.24
726 1946.37 1260.08 0.37 -10.76 2.03
727 1080.99 1273.32 0.11 55.32 8.14
728 1799.97 1269.56 0.25 -4.37 4.26
729 210.69 1269.82 0.28 -22.09 1.69
730 879.83 1275.47 0.14 -21.27 4.18
731 652.06 1284.83 0.44 85.03 4.15
732 1254.10 1281.75 0.64 -74.91 3.61
733 58.94 1279.45 0.48 37.99 2.39
734 488.18 1287.40 0.07 -43.84 7.57
735 857.72 1290.59 0.29 34.47 5.67
736 908.70 1287.73 0.34 81.00 2.46
737 1540.71 1287.94 0.31 -14.72 1.78
738 1052.30 1293.17 0.37 17.28 3.04
739 1457.51 1296.92 0.08 -26.39 3.61
740 295.60 1301.58 0.18 -1.39 6.21
741 1310.40 1309.67 0.05 59.97 9.06
742 1144.93 1312.02 0.09 -76.26 10.23
743 375.11 1304.77 0.71 62.87 1.60
744 435.83 1315.55 0.06 -23.12 9.54
745 677.94 1308.39 0.34 53.89 1.78
746 736.68 1315.20 0.19 39.10 4.07
747 1631.99 1314.08 0.45 74.65 2.03
748 220.25 1315.76 0.34 82.34 1.60
749 1185.50 1319.27 0.06 10.04 5.75
750 1713.62 1319.06 0.27 71.35 3.99
751 1092.26 1317.33 0.06 87.16 2.88
752 945.41 1320.72 0.26 52.28 2.26
753 764.86 1324.14 0.39 -56.26 3.04
754 662.29 1325.22 0.22 14.87 2.65
755 949.90 1329.20 0.17 -87.08 3.83
756 1072.78 1332.33 0.12 82.85 4.69
757 1757.04 1338.95 0.19 51.96 9.24
758 622.95 1337.19 0.05 -50.56 7.65
759 1713.45 1337.50 0.23 -74.63 3.09
760 467.18 1339.25 0.10 -40.36 4.58
761 1796.87 1336.65 0.51 32.90 2.26
762 1939.30 1347.15 0.24 89.26 7.53
763 232.96 1348.75 0.24 -18.42 8.59
764 267.26 1347.59 0.20 -1.45 7.33
765 151.36 1345.83 0.26 -11.37 4.37
766 524.70 1345.76 0.33 -36.35 4.03
767 598.08 1346.05 0.05 -40.92 4.48
768 856.08 1344.05 0.14 75.72 2.82
769 108.90 1351.07 0.28 -83.95 6.15
770 215.01 1347.68 0.58 -31.37 2.39
771 1909.83 1348.52 0.37 -6.97 2.71
772 405.77 1351.37 0.16 87.88 1.69
773 1086.77 1353.05 0.34 -70.31 2.39
774 1566.10 1358.50 0.20 58.27 6.56
775 1689.54 1352.86 0.29 56.59 2.33
776 1378.75 1354.25 0.59 21.86 1.78
777 606.61 1359.51 0.15 -67.19 4.26
778 779.24 1359.53 0.30 -63.03 2.82
779 1206.34 1361.56 0.29 25.81 3.57
780 1290.48 1365.05 0.26 74.00 4.33
781 1832.54 1364.06 0.02 45.82 4.65
782 732.87 1364.38 0.39 49.65 1.95
783 1979.96 1371.51 0.02 19.39 8.72
784 1345.69 1370.53 0.09 30.65 3.95
785 292.57 1375.98 0.21 -22.81 5.38
786 472.96 1374.90 0.14 -7.92 1.60
787 1210.63 1377.12 0.38 -29.09 1.95
788 1478.22 1381.20 0.36 -39.54 4.65
789 963.67 1387.40 0.05 72.43 9.85
790 1001.41 1392.62 0.05 79.44 12.36
791 722.90 1387.03 0.11 77.20 4.72
792 1651.03 1387.97 0.34 65.76 2.93
793 1856.18 1388.03 0.40 62.32 3.04
794 495.71 1396.07 0.09 -57.70 9.30
795 650.94 1387.63 0.17 -23.77 2.71
796 388.69 1389.98 0.32 11.72 3.14
797 1672.84 1390.52 0.29 -62.12 2.52
798 938.53 1393.24 0.27 54.89 2.93
799 652.28 1397.08 0.25 -66.75 3.14
800 1542.14 1395.85 0.17 50.12 2.46
801 2008.46 1403.31 0.13 81.11 2.03
802 645.73 1406.85 0.05 73.93 3.91
803 33.28 1409.07 0.33 -13.60 6.28
804 404.63 1405.80 0.43 -4.81 2.82
805 1555.92 1415.38 0.08 50.66 8.23
806 1473.54 1413.81 0.05 -73.12 5.01
807 1073.85 1418.29 0.11 74.93 5.84
808 1799.81 1421.55 0.05 23.16 7.84
809 431.81 1420.17 0.12 -33.24 5.47
810 1569.27 1418.15 0.23 -78.57 2.52
811 651.50 1422.37 0.12 -5.16 3.57
812 608.88 1426.54 0.14 -70.12 4.65
813 453.70 1432.75 0.08 -57.97 5.81
814 1106.78 1431.57 0.10 88.95 5.94
815 1682.74 1433.32 0.05 54.31 6.56
816 530.51 1430.65 0.15 -60.89 2.93
817 996.33 1433.53 0.28 64.73 3.19
818 1576.14 1436.43 0.05 41.91 6.00
819 1296.42 1436.01 0.08 19.36 4.07
820 1812.31 1441.89 0.14 24.51 7.42
821 1347.14 1444.33 0.13 29.61 3.99
822 1381.56 1449.65 0.17 56.87 4.37
823 1937.63 1447.65 0.45 10.23 2.39
824 683.87 1449.89 0.19 -82.84 3.14
825 67.72 1451.96 0.21 52.17 2.26
826 814.84 1455.29 0.11 62.95 5.11
827 1221.76 1462.23 0.40 63.46 6.31
828 1412.40 1455.87 0.09 67.36 3.74
829 989.33 1459.20 0.27 -82.12 4.37
830 1294.84 1455.89 0.18 -34.68 2.26
831 1849.91 1459.95 0.27 52.65 5.56
832 632.57 1456.05 0.53 -16.80 1.87
833 71.99 1461.42 0.21 -21.43 5.17
834 463.03 1465.84 0.13 -35.80 8.12
835 773.08 1461.83 0.68 -81.75 2.46
836 1275.15 1465.07 0.33 23.39 2.88
837 1609.27 1472.60 0.11 56.83 9.62
838 1187.79 1466.62 0.51 87.89 1.95
839 407.28 1472.34 0.09 -14.63 6.56
840 1816.11 1468.88 0.32 -27.50 2.59
841 742.09 1478.94 0.07 86.23 4.55
842 1455.65 1483.26 0.24 76.39 4.26
843 1721.25 1481.20 0.19 -86.43 2.76
844 1442.48 1480.92 0.10 64.43 2.26
845 1677.14 1487.78 0.10 56.04 7.74
846 1234.43 1484.87 0.25 73.24 3.04
847 1620.66 1489.64 0.42 -46.10 1.95
848 1924.33 1489.35 0.26 -65.49 1.87
849 1732.85 1495.11 0.16 24.44 6.05
850 1296.17 1506.92 0.08 61.25 8.96
851 158.75 1497.53 0.37 -16.34 2.39
852 1486.05 1501.74 0.10 64.92 6.58
853 717.90 1504.56 0.22 89.95 5.92
854 1831.08 1505.53 0.08 37.00 7.98
855 739.72 1506.38 0.04 58.06 4.62
856 1041.57 1503.45 0.48 -20.65 1.69
857 1672.87 1507.40 0.18 21.86 5.35
858 83.95 1509.97 0.34 -13.12 5.26
859 977.41 1512.76 0.10 -50.53 5.59
860 1449.11 1513.99 0.11 -67.82 6.02
861 1020.82 1514.52 0.30 76.63 4.18
862 765.72 1515.84 0.11 -32.75 4.03
863 269.22 1515.76 0.32 4.60 3.04
864 1479.39 1523.57 0.13 51.76 6.65
865 1247.15 1523.12 0.26 -54.31 2.93
866 936.06 1525.43 0.09 -83.57 4.62
867 1196.94 1524.46 0.53 87.92 2.11
868 1150.15 1526.92 0.25 86.94 2.71
869 716.20 1529.50 0.41 -57.75 2.33
870 1891.01 1537.79 0.43 43.61 3.70
871 1196.42 1540.78 0.14 -80.40 4.75
872 720.19 1539.21 0.22 -66.13 2.11
873 875.97 1538.72 0.47 -39.20 1.87
874 1105.20 1543.92 0.08 73.48 4.72
875 132.51 1548.12 0.36 21.42 6.72
876 1049.94 1545.02 0.55 -52.79 2.99
877 158.33 1546.46 0.52 77.96 2.11
878 606.64 1546.75 0.07 80.65 2.93
879 811.16 1549.75 0.36 77.99 4.15
880 588.36 1549.81 0.15 -33.06 4.18
881 1392.69 1551.57 0.21 66.56 3.83
882 330.94 1551.73 0.49 20.69 2.71
883 751.63 1552.58 0.18 7.33 2.26
884 1303.71 1553.38 0.61 29.31 2.19
885 194.67 1558.64 0.60 -27.32 2.19
886 1636.47 1563.51 0.34 50.45 3.34
887 227.39 1565.19 0.44 -33.42 2.03
888 67.83 1573.64 0.24 -19.29 2.99
889 1347.45 1573.21 0.35 33.12 2.46
890 1333.47 1574.46 0.20 51.37 2.93
891 1444.26 1583.12 0.24 -6.39 12.17
892 521.61 1579.30 0.15 32.63 4.41
893 138.36 1578.57 0.43 55.32 1.60
894 205.39 1586.44 0.22 -38.06 5.47
895 169.39 1582.95 0.37 -55.25 1.78
896 1335.17 1584.84 0.26 55.31 4.03
897 1005.24 1585.63 0.21 76.88 3.43
898 1559.43 1584.85 0.14 36.30 2.46
899 178.50 1589.81 0.38 -21.45 6.68
900 442.48 1591.71 0.27 -47.56 6.00
901 1271.14 1594.01 0.10 60.32 6.02
902 457.78 1594.16 0.14 -53.20 5.17
903 376.00 1595.19 0.28 -39.01 4.69
904 771.18 1595.93 0.07 -76.15 4.55
905 1708.33 1592.34 0.21 9.15 1.95
906 488.35 1595.36 0.23 -57.10 3.14
907 1415.33 1596.20 0.12 76.15 3.91
908 689.47 1601.76 0.26 84.95 7.42
909 868.41 1605.84 0.07 85.81 11.28
910 1939.15 1597.66 0.46 83.22 2.82
911 1194.39 1599.45 0.78 85.72 2.03
912 1670.08 1599.92 0.15 38.81 4.82
913 1771.01 1596.79 0.32 -59.29 2.03
914 1539.72 1601.63 0.41 -70.43 1.60
915 656.29 1610.63 0.07 -61.52 7.48
916 1110.11 1613.22 0.07 69.95 9.93
917 1207.32 1609.65 0.73 50.28 1.60
918 1172.79 1614.86 0.23 -38.62 4.58
919 706.26 1624.15 0.28 -58.91 7.82
920 1771.78 1617.03 0.06 62.35 3.52
921 1920.85 1624.15 0.20 35.80 9.52
922 1206.74 1616.63 0.64 54.29 1.69
923 1957.07 1621.85 0.20 46.27 3.29
924 1255.55 1624.88 0.17 57.67 4.33
925 987.49 1621.98 0.44 44.47 1.60
926 1723.65 1622.81 0.31 73.61 1.60
927 1797.61 1622.43 0.28 3.57 2.26
928 87.20 1624.83 0.33 -25.12 1.78
929 1069.22 1625.85 0.29 71.91 2.19
930 1745.02 1628.58 0.17 18.25 4.62
931 442.31 1632.11 0.11 50.00 6.00
932 1205.40 1627.10 0.53 -74.14 1.69
933 1656.36 1629.83 0.25 34.51 3.70
934 509.53 1632.73 0.18 -51.04 4.30
935 1399.90 1635.99 0.32 22.99 3.39
936 1411.23 1636.45 0.32 -77.19 3.24
937 1250.98 1639.89 0.13 81.35 4.41
938 1439.03 1640.88 0.12 85.43 4.58
939 498.78 1640.07 0.54 -37.56 1.87
940 1012.96 1643.03 0.09 76.10 4.22
941 1898.31 1648.35 0.56 59.93 6.18
942 637.93 1647.97 0.05 -71.77 6.38
943 315.18 1658.93 0.24 -39.13 12.31
944 382.97 1650.73 0.11 73.92 4.75
945 1270.63 1649.22 0.23 6.32 3.52
946 1194.69 1652.98 0.63 -83.68 3.61
947 1239.25 1653.54 0.15 59.52 4.41
948 1454.73 1653.96 0.62 -40.23 2.39
949 292.34 1655.07 0.21 -25.84 2.76
950 1361.46 1657.48 0.22 85.76 3.66
951 1264.70 1657.71 0.45 87.76 2.11
952 577.74 1658.52 0.47 35.95 2.11
953 633.42 1663.29 0.04 -63.91 6.26
954 1168.62 1663.40 0.42 -82.87 3.95
955 680.26 1663.96 0.03 -32.15 6.10
956 21.38 1665.21 0.15 -88.27 4.30
957 947.08 1664.73 0.17 61.12 2.76
958 1159.05 1664.22 0.45 -75.37 1.60
959 105.44 1666.52 0.44 -50.12 2.11
960 1547.65 1668.89 0.38 -64.56 3.14
961 1849.65 1668.92 0.22 25.12 3.57
962 206.19 1669.99 0.15 -18.31 2.65
963 408.07 1669.39 0.45 12.88 2.03
964 781.73 1671.34 0.41 -83.06 2.99
965 295.65 1678.10 0.05 -49.55 3.66
966 1923.75 1675.02 0.55 14.43 2.03
967 1475.79 1683.78 0.13 64.56 7.57
968 735.31 1682.60 0.22 -41.40 2.39
969 1261.10 1682.93 0.25 37.75 3.34
970 1853.30 1685.08 0.36 -69.83 3.24
971 1293.10 1688.08 0.19 -6.30 2.82
972 412.31 1690.42 0.10 33.67 3.48
973 1515.36 1693.12 0.24 77.78 4.92
974 1670.79 1706.09 0.13 55.99 16.32
975 1056.03 1698.39 0.19 69.89 6.41
976 1431.54 1695.12 0.35 63.30 2.59
977 145.36 1710.79 0.30 -34.03 17.25
978 244.47 1695.45 0.66 -48.82 2.33
979 328.74 1695.87 0.50 50.78 1.60
980 1027.60 1698.25 0.10 72.89 3.74
981 1283.71 1699.83 0.06 -28.37 3.57
982 1315.92 1706.00 0.16 64.71 6.00
983 1632.62 1705.29 0.20 -77.69 4.44
984 1167.54 1711.98 0.10 -82.92 5.50
985 1454.22 1710.39 0.40 68.70 4.48
986 773.84 1709.67 0.35 17.85 2.39
987 513.09 1714.47 0.23 80.64 2.46
988 791.84 1714.24 0.39 -19.31 1.69
989 1229.68 1719.83 0.15 37.79 2.88
990 1725.24 1729.34 0.16 54.48 10.72
991 333.19 1725.76 0.28 -32.33 6.96
992 1294.97 1722.68 0.51 9.79 2.03
993 470.82 1735.41 0.20 -47.99 10.30
994 717.34 1737.33 0.12 -76.55 9.04
995 1835.05 1730.50 0.16 51.21 3.04
996 858.23 1738.35 0.04 67.82 5.14
997 605.96 1743.65 0.20 -69.54 8.29
998 827.96 1741.81 0.32 16.76 2.88
999 484.12 1743.14 0.46 21.24 1.87
1000 922.04 1747.33 0.18 -89.85 5.11
1001 1175.65 1748.09 0.34 -59.04 2.19
1002 1831.61 1758.52 0.32 66.31 6.41
1003 1899.30 1752.74 0.52 38.80 2.03
1004 1178.93 1755.29 0.59 -76.88 2.26
1005 797.87 1755.52 0.17 -46.39 3.14
1006 1735.14 1754.10 0.28 10.56 2.46
1007 787.00 1760.10 0.21 -89.05 6.28
1008 713.88 1760.07 0.39 65.07 2.65
1009 1875.37 1763.00 0.26 18.68 4.48
1010 910.89 1763.26 0.30 -7.66 4.72
1011 142.57 1776.05 0.32 -35.02 15.42
1012 952.22 1765.98 0.05 87.53 5.70
1013 1461.22 1764.50 0.06 50.29 4.07
1014 1324.57 1764.56 0.46 29.67 1.69
1015 1692.85 1769.07 0.12 44.72 4.85
1016 620.55 1767.15 0.37 57.45 2.39
1017 1950.75 1769.71 0.19 -50.50 2.33
1018 1083.63 1776.60 0.24 -61.63 7.23
1019 233.70 1778.46 0.39 -38.71 5.05
1020 1125.97 1780.46 0.11 86.26 5.08
1021 1642.08 1778.02 0.15 -9.96 2.76
1022 1353.52 1779.46 0.25 -69.42 2.19
1023 1420.52 1781.73 0.31 33.25 2.71
1024 958.51 1785.67 0.31 83.99 2.76
1025 1267.49 1786.09 0.66 82.97 1.60
1026 1107.81 1796.76 0.10 -32.95 8.29
1027 1044.17 1790.72 0.37 -70.82 1.78
1028 1146.96 1798.65 0.28 76.26 6.56
1029 1057.72 1797.81 0.15 73.59 7.67
1030 188.18 1801.55 0.23 -0.31 6.84
1031 1022.43 1798.49 0.39 -85.51 2.19
1032 1077.00 1801.63 0.18 28.74 4.22
1033 1642.18 1799.93 0.38 78.62 2.93
1034 1426.56 1799.66 0.48 26.15 2.11
1035 847.01 1805.60 0.19 -87.19 5.73
1036 1612.57 1809.73 0.13 60.58 5.73
1037 22.49 1810.10 0.30 -42.51 5.17
1038 398.23 1805.54 0.63 -5.54 1.69
1039 1828.38 1822.68 0.22 51.20 14.52
1040 1042.93 1815.55 0.13 74.62 6.31
1041 482.51 1814.83 0.24 -1.92 4.03
1042 763.77 1817.05 0.21 -19.41 2.39
1043 1454.20 1825.93 0.15 -30.30 4.30
1044 1166.30 1824.14 0.26 13.91 1.69
1045 232.61 1835.34 0.30 -41.52 10.05
1046 419.87 1827.72 0.40 -70.55 2.26
1047 681.67 1829.41 0.51 63.83 2.33
1048 1161.61 1830.94 0.58 -31.51 1.95
1049 715.50 1831.37 0.50 -69.89 2.26
1050 52.40 1835.32 0.66 41.82 3.74
1051 131.84 1836.09 0.54 -24.34 1.60
1052 884.86 1841.86 0.12 4.34 5.94
1053 2002.15 1838.90 0.71 -42.56 2.46
1054 1230.99 1840.16 0.43 88.18 1.95
1055 787.27 1840.98 0.49 -14.13 1.87
1056 846.21 1849.67 0.86 85.08 3.24
1057 1995.25 1842.98 0.42 -24.28 2.03
1058 1109.79 1849.07 0.03 -27.79 6.65
1059 785.49 1849.51 0.73 78.66 2.46
1060 1394.08 1852.22 0.16 63.81 5.47
1061 851.70 1848.98 0.69 60.48 1.78
1062 1611.49 1851.36 0.54 -76.61 2.71
1063 1238.32 1853.13 0.01 35.09 4.79
1064 1965.35 1865.01 0.25 49.26 12.54
1065 785.26 1857.56 0.63 50.20 2.65
1066 1264.67 1855.47 0.41 82.93 1.69
1067 1880.11 1860.54 0.26 71.31 5.32
1068 1612.87 1870.76 0.24 74.99 11.62
1069 1856.26 1862.41 0.47 52.71 3.91
1070 545.42 1870.30 0.16 70.52 3.24
1071 529.22 1870.98 0.69 -55.28 2.26
1072 1126.84 1870.30 0.17 89.15 1.87
1073 1257.98 1871.60 0.65 -23.36 2.11
1074 795.39 1876.00 0.35 65.31 2.33
1075 81.90 1875.50 0.65 7.30 1.60
1076 1302.60 1881.18 0.19 30.01 3.52
1077 1836.13 1884.53 0.48 -82.68 1.78
1078 72.49 1889.70 0.45 21.91 2.46
1079 756.49 1890.44 0.34 -21.44 2.76
1080 988.45 1890.52 0.69 -89.96 1.69
1081 1936.75 1895.04 0.17 46.58 5.70
1082 786.34 1894.38 0.30 -58.96 2.26
1083 1280.52 1892.30 0.55 -44.87 1.69
1084 1090.37 1898.09 0.43 -82.46 2.46
1085 1277.99 1899.96 0.78 86.49 2.26
1086 1285.22 1898.71 0.74 86.10 1.78
1087 1512.67 1899.63 0.37 -76.62 3.24
1088 1471.56 1909.16 0.27 58.98 6.63
1089 401.60 1909.93 0.32 -60.39 4.89
1090 1506.15 1907.21 0.57 -72.50 1.87
1091 1724.14 1912.47 0.34 -83.45 2.46
1092 350.30 1915.77 0.07 -36.18 4.07
1093 1438.47 1918.86 0.34 71.90 5.44
1094 1595.15 1919.41 0.24 59.42 6.56
1095 123.00 1914.50 0.42 44.66 1.60
1096 448.00 1916.99 0.16 18.65 3.24
1097 793.14 1917.04 0.47 69.12 2.99
1098 1373.91 1918.33 0.64 -2.17 2.19
1099 980.38 1945.65 0.18 86.20 16.00
1100 1187.00 1931.40 0.14 90.00 1.95
1101 199.84 1937.31 0.32 -29.51 5.59
1102 61.25 1936.64 0.43 71.41 1.60
1103 662.22 1952.07 0.24 -69.92 11.66
1104 241.75 1942.22 0.38 18.11 2.39
1105 1031.96 1947.10 0.51 -52.90 1.60
1106 1009.66 1949.24 0.34 -19.55 2.71
1107 1512.93 1955.75 0.15 59.89 6.60
1108 19.48 1955.94 0.39 60.70 3.43
1109 893.09 1957.80 0.24 -82.48 5.26
1110 1700.73 1960.17 0.09 81.36 5.14
1111 1691.29 1957.87 0.27 -24.55 2.82
1112 83.11 1958.89 0.52 -24.78 2.52
1113 1905.65 1966.60 0.27 45.44 5.97
1114 1853.92 1964.13 0.39 12.81 3.24
1115 826.04 1965.65 0.17 -65.97 3.19
1116 1296.68 1965.98 0.29 28.82 2.26
1117 1113.23 1967.95 0.52 61.25 2.03
1118 1991.62 1969.08 0.69 36.33 1.69
1119 1923.66 1977.73 0.27 46.52 5.53
1120 884.35 1982.39 0.21 -60.20 6.36
1121 1812.09 1986.94 0.22 43.75 7.09
1122 1099.84 1983.79 0.19 -85.85 1.95
1123 1539.35 1989.14 0.19 62.41 5.44
1124 1931.80 1990.64 0.23 47.54 3.34
1125 1123.25 1993.69 0.31 19.98 1.69
1126 1455.23 2007.13 0.32 71.06 8.33
1127 812.13 2017.03 0.25 -76.49 11.00
1128 1348.63 2007.46 0.65 84.87 2.46
1129 577.96 2012.48 0.18 -79.55 5.05
1130 1365.40 2009.80 0.27 75.49 3.14
1131 512.20 2013.68 0.20 78.43 2.82
1132 890.80 2014.51 0.16 38.54 3.34
1133 1523.69 2017.46 0.32 -6.85 2.65
1134 1766.57 2026.07 0.24 50.78 6.26
1135 1598.88 2026.34 0.41 54.50 3.29
1136 1915.53 2033.60 0.59 -88.76 1.95
1137 824.05 2037.13 0.17 -80.29 4.95
1138 1136.60 2035.05 0.14 44.94 3.95
1139 1099.90 2040.20 0.64 -66.03 1.69
1140 1921.14 208.50 0.82 1.40 68.27
1141 1990.81 212.95 0.29 42.78 16.58
1142 1993.60 244.67 0.74 85.65 43.87
1143 1949.53 273.42 0.20 -36.39 14.76
1144 2028.17 1094.94 0.98 -88.64 44.36
1145 1199.16 1806.35 0.89 -87.18 29.75
1146 1192.08 1835.83 0.52 89.65 21.18
1147 1198.19 1847.41 0.34 -64.57 15.78
1148 1192.72 1854.80 0.57 -89.73 6.86
1149 1193.45 1870.62 0.04 -40.91 25.55
1150 1191.67 1883.97 0.31 -78.15 4.95
1151 1188.61 1904.07 0.61 -89.88 14.46
1152 1210.58 1933.17 0.17 21.40 55.61
1153 1178.24 1919.90 0.64 46.95 25.38
1154 1164.87 1938.40 0.34 -3.69 42.29
1155 1183.74 1949.98 0.58 -51.83 13.49
1156 1196.83 1961.55 0.43 -85.20 8.79
1157 1188.64 1962.06 0.68 83.30 6.05
1158 1188.87 1981.43 0.51 -67.33 28.98
1159 1198.39 1978.22 0.45 42.35 18.81
1160 1191.44 1996.29 0.50 87.76 7.31
1161 66.93 1966.91 0.35 69.07 44.14
1162 1203.72 2017.24 0.79 6.99 35.90
1163 1184.15 39.93 0.03 68.10 11.74
1164 1195.44 34.87 0.35 55.42 4.33
1165 1172.90 49.83 0.20 88.00 4.89
1166 264.39 48.72 0.18 -21.39 7.16
1167 268.65 58.73 0.11 22.71 8.67
1168 152.98 46.97 0.49 -1.05 5.53
1169 162.18 47.80 0.72 -44.28 1.87
1170 1996.65 56.90 0.29 -89.47 2.88
1171 1995.40 63.11 0.37 44.63 3.04
1172 1992.43 68.39 0.45 -8.17 3.39
1173 1994.53 72.55 0.65 -28.75 2.88
1174 1994.46 78.18 0.43 8.53 3.24
1175 1994.74 86.08 0.14 71.16 3.78
1176 1271.42 86.73 0.33 73.30 5.20
1177 1280.13 90.43 0.02 -84.95 5.14
1178 854.54 91.33 0.22 -89.52 2.26
1179 854.27 97.07 0.57 -87.82 2.26
1180 1696.43 93.94 0.14 9.75 3.04
1181 1697.22 106.19 0.13 -60.46 9.06
1182 850.67 103.79 0.41 40.48 3.29
1183 855.04 113.79 0.27 86.56 2.76
1184 126.40 110.65 0.32 9.50 3.87
1185 122.36 121.88 0.29 5.28 8.50
1186 1408.33 118.01 0.11 -78.26 6.41
1187 1400.77 126.71 0.19 -68.19 4.44
1188 1980.37 138.21 0.43 -61.36 2.59
1189 1983.70 140.15 0.51 -61.44 1.69
1190 113.63 139.77 0.45 -39.19 2.19
1191 120.51 145.50 0.34 32.25 3.78
1192 112.40 152.27 0.38 -52.09 4.55
1193 2016.78 162.55 0.22 10.96 2.19
1194 2015.73 169.52 0.53 -37.37 2.88
1195 739.56 180.05 0.09 4.09 4.22
1196 746.74 187.11 0.37 36.41 6.82
1197 1193.96 182.79 0.28 -82.75 2.93
1198 1193.48 188.86 0.21 73.11 2.33
1199 849.64 184.74 0.18 -65.00 3.19
1200 850.14 189.95 0.25 -54.80 2.26
1201 1193.64 196.83 0.66 88.18 2.88
1202 1192.91 204.01 0.29 -50.34 1.78
1203 1152.15 213.68 0.03 -6.67 8.69
1204 1139.07 221.87 0.20 -84.02 7.94
1205 322.49 220.29 0.54 30.14 5.89
1206 337.74 227.39 0.27 26.06 6.72
1207 319.71 229.52 0.18 25.45 6.41
1208 1948.80 242.38 0.36 -17.16 2.26
1209 1941.61 245.33 0.34 -3.37 2.52
1210 1001.31 269.50 0.42 -5.83 2.93
1211 996.74 276.09 0.32 77.68 4.44
1212 1505.47 287.82 0.15 49.74 4.33
1213 1501.75 292.93 0.16 71.32 3.91
1214 486.49 382.15 0.19 29.13 17.11
1215 496.81 386.71 0.10 -52.47 12.91
1216 102.40 388.50 0.31 -69.60 1.69
1217 105.47 390.74 0.52 67.45 2.03
1218 1702.03 408.64 0.17 -60.50 3.19
1219 1694.55 415.01 0.05 -19.58 6.15
1220 786.07 425.59 0.30 50.52 3.09
1221 779.89 429.15 0.21 -21.82 2.88
1222 1578.01 453.27 0.17 -73.59 6.63
1223 1590.00 459.48 0.30 -28.27 9.87
1224 1992.49 458.33 0.41 46.78 3.04
1225 1992.41 464.40 0.22 -64.96 2.71
1226 1993.37 469.14 0.20 81.04 2.33
1227 1992.18 477.76 0.51 88.22 3.95
1228 1992.90 488.14 0.08 -67.68 2.39
1229 1991.24 494.77 0.52 -65.83 3.43
1230 263.66 458.38 0.04 -83.64 2.39
1231 262.45 464.63 0.27 46.38 5.64
1232 811.78 483.80 0.11 45.09 6.18
1233 824.69 489.91 0.06 76.11 6.36
1234 1111.10 496.30 0.07 -24.54 6.72
1235 1124.37 501.50 0.20 60.49 7.23
1236 276.32 519.41 0.13 63.64 4.26
1237 270.23 527.33 0.17 32.31 5.38
1238 1989.13 517.64 0.25 9.37 1.78
1239 1980.19 522.13 0.27 42.92 6.41
1240 1990.02 524.70 0.56 75.91 3.34
1241 1989.16 539.80 0.60 -67.25 3.39
1242 1989.92 547.86 0.57 -89.16 2.33
1243 475.53 541.27 0.12 2.18 6.05
1244 482.48 551.37 0.12 38.66 7.42
1245 1988.96 567.74 0.46 -14.64 1.78
1246 1987.68 572.92 0.75 82.91 1.69
1247 498.79 589.12 0.30 -42.76 2.71
1248 492.18 595.16 0.30 81.22 2.65
1249 874.57 663.94 0.06 79.69 16.25
1250 890.50 659.27 0.12 73.97 6.08
1251 1325.69 663.71 0.11 -83.08 5.38
1252 1319.82 673.81 0.13 -89.06 5.86
1253 699.15 847.76 0.24 83.99 7.02
1254 715.91 853.25 0.18 43.79 12.44
1255 729.99 851.42 0.08 56.78 4.85
1256 706.73 861.52 0.25 60.51 5.53
1257 1441.20 881.63 0.09 -61.18 7.29
1258 1447.83 887.51 0.14 -61.41 5.89
1259 758.52 1080.32 0.12 -74.37 10.45
1260 750.23 1093.17 0.04 -28.57 6.13
1261 1803.42 1138.06 0.10 24.61 14.73
1262 1797.64 1151.62 0.21 -1.32 5.53
1263 961.20 1147.93 0.10 80.81 6.72
1264 961.56 1159.25 0.47 54.66 2.46
1265 1235.26 1165.55 0.27 71.52 2.82
1266 1234.77 1173.75 0.09 45.65 4.30
1267 840.88 1175.61 0.06 87.03 8.54
1268 832.53 1186.69 0.06 -54.10 4.37
1269 1054.12 1312.18 0.50 -73.00 4.79
1270 1041.98 1320.92 0.49 -64.46 4.26
1271 1047.83 1322.91 0.45 -67.43 5.67
1272 1008.17 1559.58 0.18 -50.97 1.78
1273 1013.35 1561.96 0.27 1.07 2.76
1274 500.49 1612.62 0.10 -52.78 6.15
1275 495.93 1624.06 0.16 -51.67 5.92
1276 1473.76 1630.81 0.09 62.63 8.16
1277 1478.42 1639.58 0.17 -43.36 4.30
1278 1290.79 1652.90 0.11 -1.64 14.08
1279 1281.28 1664.50 0.47 48.75 5.92
1280 1206.76 1640.20 0.41 82.47 1.95
1281 1205.59 1648.41 0.73 82.90 2.93
1282 1095.47 1835.40 0.35 -14.28 2.76
1283 1092.42 1839.90 0.40 4.58 3.14
1284 43.37 1842.08 0.45 21.63 5.26
1285 34.88 1843.10 0.42 -73.13 2.59
1286 51.08 1845.53 0.40 -53.13 3.04
1287 36.62 1849.87 0.34 -53.01 5.08
1288 44.76 1851.64 0.28 -62.16 3.57
1289 39.53 1853.82 0.47 -81.37 2.59
1290 850.34 1865.97 0.42 -68.77 6.02
1291 851.16 1878.75 0.31 -87.90 7.14
1292 850.93 1890.30 0.12 -33.42 5.81
1293 848.76 1910.51 0.75 -78.05 10.81
1294 838.11 1909.88 0.05 74.43 8.46
1295 853.55 1912.91 0.07 -51.25 4.41
1296 855.55 1920.59 0.33 -74.25 4.82
1297 860.49 1929.58 0.45 71.55 5.86
1298 856.89 1940.89 0.42 -53.51 6.00
1299 845.37 1942.01 0.57 75.05 7.23
1300 851.26 1953.00 0.56 -40.38 6.84
1301 853.56 1960.43 0.35 57.53 5.94
1302 850.71 1973.39 0.42 83.52 8.99
1303 850.31 1993.81 0.75 87.53 7.31
1304 589.81 1872.43 0.67 -49.27 1.60
1305 590.37 1876.79 0.27 -30.63 2.26
1306 1056.74 1945.66 0.56 -1.87 4.37
1307 1048.17 1945.15 0.21 3.76 2.93
1308 784.59 1953.99 0.26 -83.99 6.41
1309 787.50 1965.39 0.34 5.59 3.78
1310 1281.09 1948.23 0.39 -69.53 1.95
1311 1278.07 1952.54 0.20 -48.12 1.60
1312 1747.56 2038.88 0.29 -50.25 2.19
1313 1750.59 2041.81 0.36 -63.45 2.71