NUMBER xcentroid ycentroid ellipticity orientation equivalent_radius flag redshift med_flux
3 356.05 17.73 0.42 -13.76 2.46 1 0 0.234 0.011213265359401703
14 1581.09 41.98 0.35 -84.84 2.11 1 0 0.230 -0.014753228984773159
34 1388.81 70.39 0.19 -85.97 3.43 1 0 0.240 0.02882186323404312
40 1512.69 77.25 0.3 -37.82 3.87 1 0 0.221 0.03688319772481918
51 1520.78 88.87 0.38 80.93 1.6 2 0 0.242 0.001313837245106697
53 735.99 90.16 0.21 73.57 1.69 2 0 0.233 0.004065722692757845
63 1953.24 106.79 0.29 -43.55 1.87 1 0 0.239 0.009084219112992287
76 425.26 126.24 0.52 50.39 2.33 1 0 0.229 0.020198581740260124
92 1087.82 148.36 0.02 78.66 2.88 1 0 0.234 0.02046569064259529
108 814.45 183.92 0.1 14.26 1.95 1 0 0.233 -0.006589209660887718
148 1646.26 252.12 0.35 -79.22 3.29 1 0 0.240 0.03009006194770336
150 45.54 250.99 0.38 86.08 2.03 1 0 0.229 -0.008358169347047806
157 1294.15 260.42 0.12 -85.05 3.14 1 0 0.224 0.03693108633160591
160 530.36 268.92 0.17 54.87 3.91 1 0 0.231 0.015549388714134693
169 1947.49 281.73 0.23 68.88 5.23 1 0 0.225 0.10458546876907349
184 1684.46 300.36 0.54 13.6 1.6 2 0 0.232 -0.007117832079529762
198 652.13 338.04 0.3 42.21 2.46 1 0 0.226 0.02386409416794777
199 183.72 339.06 0.47 -42.62 2.26 1 0 0.220 0.012289272621273994
236 287.57 398.99 0.34 27.76 1.78 1 0 0.231 0.03731589391827583
241 1258.64 407.53 0.29 -59.87 2.59 1 0 0.233 0.016082709655165672
247 1447.25 413.9 0.41 -81.6 3.48 1 0 0.231 0.05835026875138283
274 505.54 457.91 0.16 14.94 8.0 1 0 0.229 0.058392494916915894
277 716.22 454.07 0.19 27.45 2.82 1 0 0.232 0.049639854580163956
283 1265.27 463.78 0.32 52.82 1.78 1 0 0.250 0.024804696440696716
293 342.68 478.32 0.31 41.55 4.07 1 0 0.227 0.0409478098154068
312 403.26 501.36 0.14 82.0 2.19 1 0 0.227 0.005368947517126799
357 567.18 576.46 0.38 84.59 2.71 1 0 0.224 0.02470584213733673
381 55.18 614.59 0.33 49.17 1.87 2 0 0.230 -0.0040196385234594345
393 1723.49 631.47 0.22 41.63 2.11 1 0 0.227 0.0167013481259346
413 1849.36 668.42 0.61 -52.16 4.3 1 0 0.229 0.05333075672388077
446 1607.65 720.44 0.15 45.68 2.19 1 0 0.238 0.020021770149469376
477 1841.67 771.44 0.2 -65.05 2.26 1 0 0.238 0.026371337473392487
487 1057.11 790.71 0.32 79.85 2.76 1 0 0.231 0.018323123455047607
503 344.1 813.19 0.35 9.56 2.39 1 0 0.226 0.015640050172805786
535 572.32 850.65 0.36 13.94 5.14 1 0 0.224 0.03627011552453041
546 1150.16 868.92 0.26 -83.13 2.33 1 0 0.229 -0.000448290491476655
569 712.12 894.72 0.14 61.63 4.44 1 0 0.241 0.07235784083604813
576 1355.4 901.91 0.39 20.55 1.69 1 0 0.226 0.004323760978877544
665 748.81 961.42 0.18 14.84 2.33 1 0 0.224 0.016281604766845703
673 640.53 985.64 0.44 -51.29 9.54 1 0 0.236 0.18323059380054474
675 1061.79 978.95 0.24 71.48 2.71 1 0 0.231 0.02047935128211975
682 83.23 987.91 0.33 30.94 2.82 0 0 0.248 0.05135323479771614
699 673.44 1005.1 0.27 50.37 2.65 1 0 0.236 0.02849806845188141
747 888.96 1059.95 0.48 -84.47 3.57 1 0 0.235 0.014297987334430218
756 1130.83 1070.72 0.17 79.25 2.93 1 0 0.238 0.07079532742500305
768 710.86 1082.32 0.18 -20.98 4.3 1 0 0.244 0.09682682156562805
794 1126.02 1124.76 0.18 -46.37 2.82 1 0 0.232 0.037353020161390305
845 1767.9 1171.75 0.29 89.7 2.19 2 0 0.239 0.01654023677110672
887 850.84 1239.46 0.26 65.02 2.11 1 0 0.257 0.011844607070088387
894 174.77 1245.25 0.27 30.04 1.78 2 0 0.248 -0.0069830529391765594
895 806.1 1246.01 0.41 89.55 1.78 2 0 0.234 0.003466897178441286
910 976.91 1267.75 0.27 -86.89 3.04 1 0 0.243 0.030646098777651787
926 720.85 1294.31 0.4 -57.68 1.87 1 0 0.228 0.017626818269491196
958 253.21 1333.31 0.12 71.92 3.95 1 0 0.236 0.06118517741560936
1001 784.98 1396.03 0.59 -67.93 1.6 1 0 0.242 0.005346469581127167
1009 1001.68 1411.66 0.17 50.69 7.07 1 0 0.232 0.07018975913524628
1014 373.72 1412.25 0.32 -18.57 2.03 1 0 0.231 -0.0015772582264617085
1018 533.99 1414.83 0.08 40.18 2.65 1 0 0.231 0.01016891561448574
1019 649.12 1418.19 0.17 -87.97 3.24 1 0 0.224 0.051460374146699905
1020 1081.5 1418.79 0.24 -0.54 2.93 1 0 0.244 0.01742038130760193
1023 1593.9 1419.34 0.26 67.8 1.69 1 0 0.238 -0.012330971658229828
1111 679.42 1584.31 0.59 -64.51 8.35 1 0 0.235 0.08661283552646637
1129 267.89 1616.26 0.3 -70.92 3.19 1 0 0.243 0.01828211173415184
1144 1422.16 1632.07 0.31 -88.34 2.11 1 0 0.243 0.025360729545354843
1149 1106.6 1640.54 0.52 -50.21 1.6 1 0 0.237 0.015317752957344055
1150 549.02 1651.48 0.27 -7.7 8.72 1 0 0.239 0.1850389838218689
1167 384.74 1671.66 0.44 -70.3 1.6 2 0 0.236 0.014883546158671379
1173 1450.46 1682.67 0.3 39.95 2.03 1 0 0.240 0.007143986877053976
1176 308.26 1685.91 0.5 5.64 2.19 2 0 0.251 0.00874488428235054
1222 149.93 1774.55 0.25 -51.97 3.7 1 0 0.244 0.020063672214746475
1231 852.77 1791.48 0.04 80.09 2.11 1 0 0.256 0.05064578354358673
1250 1920.36 1827.85 0.45 -41.87 2.19 2 0 0.244 0.00945960357785225
1262 1609.75 1842.76 0.48 9.83 1.6 1 0 0.232 -0.007863897830247879
1270 236.28 1864.84 0.35 -36.03 2.82 1 0 0.244 -0.00028263963758945465
1274 170.37 1869.76 0.41 19.14 1.6 1 0 0.242 0.010504329577088356
1276 1936.34 1872.96 0.56 12.42 2.33 2 0 0.255 0.030045079067349434
1289 380.53 1899.52 0.29 -37.25 2.65 1 0 0.230 0.03398320823907852
1293 259.99 1905.82 0.42 -65.47 3.83 1 0 0.231 0.03972584754228592
1308 310.29 1936.27 0.14 -26.74 4.03 1 0 0.234 0.1041497066617012
1309 477.76 1938.24 0.47 -54.29 5.2 1 0 0.239 0.055500321090221405
1334 37.01 1989.01 0.26 -48.73 3.83 1 0 0.230 0.029158547520637512
1410 1349.38 440.86 0.66 -54.21 1.95 1 0 0.228 -0.013831744901835918
1512 135.15 1788.91 0.15 -87.01 5.56 1 0 0.230 0.0003160221967846155
1513 140.37 1794.46 0.46 -7.86 1.69 1 0 0.230 -0.009060055017471313
