NUMBER xcentroid ycentroid ellipticity orientation equivalent_radius flag med_flux
13 489.95 26.76 0.52 -11.24 5.73 1 0 0.229 6.5800568661324166e-15
81 1634.16 96.97 0.07 -49.8 3.14 1 0 0.229 5.1012618540696546e-15
84 189.86 102.33 0.28 69.7 1.69 1 0 0.239 5.780608112272495e-17
105 891.58 137.81 0.39 49.55 3.14 2 0 0.245 9.733255596899165e-16
120 1677.14 159.83 0.08 -8.02 4.89 1 0 0.229 1.2790820072756167e-14
154 1770.75 208.05 0.44 -47.25 1.69 1 0 0.225 3.005171252904587e-16
172 2006.43 240.88 0.09 -51.49 3.19 1 0 0.229 4.2358667148265387e-16
196 911.67 292.75 0.3 -36.05 3.7 2 0 0.250 2.333996321543909e-15
222 219.1 326.04 0.29 21.21 2.71 2 0 0.236 2.479582438693847e-15
227 1387.72 339.54 0.32 74.86 5.26 1 0 0.230 4.464572175090541e-15
228 1443.72 336.3 0.08 -49.61 2.39 1 0 0.228 5.008723928098596e-16
250 1126.07 369.35 0.51 -64.56 3.34 1 0 0.228 2.836994978809614e-15
272 1092.38 401.61 0.18 74.94 1.87 1 0 0.227 2.1377631398623214e-15
282 944.49 414.22 0.27 -70.33 2.26 1 0 0.236 6.741655399996368e-16
303 1107.97 451.33 0.41 -66.02 4.89 1 0 0.228 5.390928910822259e-15
357 2008.98 542.77 0.59 -73.05 1.69 1 0 0.250 1.2169822102641413e-15
363 1337.1 553.89 0.35 16.3 1.87 1 0 0.231 2.621392482964925e-15
365 210.05 562.73 0.45 43.65 3.78 1 0 0.246 3.2524106410874607e-15
423 107.18 635.86 0.64 39.14 7.02 1 0 0.225 1.6444650003701045e-14
444 949.94 655.12 0.41 81.91 1.78 1 0 0.252 1.7547868277610645e-15
449 1663.82 658.63 0.22 -71.82 1.69 1 0 0.231 -7.85053428921335e-17
473 648.72 692.47 0.26 -25.84 2.26 1 0 0.221 1.103940475376253e-15
481 1071.16 702.85 0.17 44.56 1.6 1 0 0.231 -2.1484625424146825e-16
532 1799.02 763.19 0.14 15.81 5.38 1 0 0.226 1.1954747731839337e-14
547 1894.29 777.22 0.28 -37.08 2.11 2 0 0.249 1.4133930571064157e-15
563 1678.7 815.5 0.27 70.09 4.95 1 0 0.222 3.013592666224426e-15
585 759.47 843.49 0.43 77.54 3.57 1 0 0.228 4.409550608902796e-15
594 1645.91 851.23 0.02 1.62 3.24 2 0 0.246 9.953008765943637e-16
607 1018.02 876.01 0.21 57.38 5.08 1 0 0.251 2.3876491671921858e-14
662 1210.97 944.69 0.36 52.05 1.69 1 0 0.229 1.3151928217620804e-15
664 515.85 947.84 0.26 46.75 4.15 1 0 0.236 6.456909710546429e-15
672 1208.7 951.95 0.19 38.73 2.65 1 0 0.229 1.7491051425091195e-15
677 1751.58 958.82 0.13 -86.44 3.39 1 0 0.231 8.819047007696968e-15
685 178.27 961.74 0.6 -5.44 1.87 2 0 0.249 8.051791964458932e-16
735 497.71 1019.06 0.69 53.1 1.95 1 0 0.251 6.142851810682045e-16
769 1188.97 1050.79 0.21 86.86 1.78 2 0 0.251 2.7031730905058542e-15
782 1675.42 1060.4 0.28 -19.87 2.88 2 0 0.232 4.147785240949222e-15
833 260.76 1135.32 0.19 1.59 3.43 1 0 0.244 5.305306161832585e-16
868 240.03 1184.15 0.07 88.09 5.01 1 0 0.230 2.250231539324037e-15
874 1943.26 1187.23 0.19 35.23 2.19 1 0 0.228 1.6823645578587561e-15
901 516.79 1214.22 0.39 -2.7 4.37 1 0 0.231 1.0916744430362977e-14
938 1115.75 1252.5 0.36 84.32 1.87 1 0 0.245 1.2848695716459685e-15
946 617.75 1268.03 0.64 -73.31 2.76 1 0 0.231 1.1397922036599753e-15
956 958.17 1278.3 0.26 50.57 2.59 2 0 0.251 3.858241851006916e-15
1035 657.6 1353.6 0.3 -77.59 2.19 1 0 0.230 3.3697458801058627e-16
1062 268.5 1382.44 0.48 -10.36 2.76 2 0 0.243 -2.7674286922472102e-17
1106 901.94 1423.53 0.12 71.89 4.15 1 0 0.222 8.483856588710655e-16
1135 1454.18 1450.54 0.11 -69.47 3.19 1 0 0.222 4.073319186424307e-15
1138 1795.42 1457.69 0.35 49.3 6.96 1 0 0.222 1.5817550855267218e-14
1204 912.2 1517.36 0.08 -25.59 2.03 1 0 0.234 1.9989357103567624e-15
1255 1798.45 1580.23 0.18 54.82 8.25 1 0 0.228 1.8966627923712627e-14
1304 1493.09 1632.03 0.34 39.85 4.3 1 0 0.220 6.955123055176621e-15
1310 1916.47 1635.11 0.53 58.5 2.19 2 0 0.250 1.8527465057483795e-15
1312 1663.06 1638.06 0.12 67.22 3.99 1 0 0.241 1.958103682453069e-14
1334 555.96 1661.08 0.52 24.99 1.69 2 0 0.246 1.508947267402647e-15
1373 1447.44 1705.09 0.37 -38.26 2.33 1 0 0.242 1.629221604868903e-15
1407 1870.91 1754.48 0.28 63.01 3.99 1 0 0.234 3.704054749552321e-15
1413 117.1 1759.57 0.35 -45.11 4.72 1 0 0.230 3.4134322396352137e-15
1442 1947.31 1798.52 0.22 58.43 3.99 1 0 0.227 2.178444226494814e-15
1452 1013.0 1810.76 0.49 -84.56 1.95 1 0 0.245 1.2291798023419584e-15
1455 1008.3 1809.93 0.27 -14.05 1.87 1 0 0.249 1.5891181947064376e-15
1462 1145.28 1822.54 0.22 -88.68 3.57 1 0 0.236 3.152232689690405e-15
1518 1323.77 1891.16 0.31 81.45 2.19 2 0 0.247 -1.7446361437398466e-16
1555 433.48 1931.48 0.25 4.5 2.76 1 0 0.243 1.7309686848007472e-15
1687 1239.11 451.46 0.45 -52.39 1.87 2 0 0.229 1.0200553085987522e-15
1691 421.47 483.63 0.23 0.3 4.3 1 0 0.253 1.7532740269172683e-15
1712 1717.79 748.2 0.49 59.2 1.95 1 0 0.249 1.6074255413119185e-15
1731 1106.88 1031.98 0.59 72.39 1.95 1 0 0.243 4.6675379981533796e-17
1733 1176.07 1100.71 0.22 -8.94 6.75 1 0 0.229 1.6447867034834716e-14
1738 1183.34 1220.93 0.59 47.38 1.69 1 0 0.251 1.2129752150280364e-15
1772 652.42 1537.82 0.23 82.91 8.0 1 0 0.227 1.7293438003222056e-14
1774 663.43 1537.5 0.31 -69.57 4.03 1 0 0.227 2.380056173270585e-16
1782 607.42 1743.5 0.14 -15.76 6.13 1 0 0.252 1.350627915714872e-14